0,0,0
0,0,0
0,0,0
0,0,0
0,0,0
0,0,0
0,0,0
0,0,0
0,0,0
0,0,0
0,0,0
0,0,0
0,0,0
0,0,0
0,0,0
0,0,0
0,0,0
0,0,0
0,0,0
0,0,0
0,0,0
0,0,0
0,0,0
0,0,0
0,0,0
0,0,0
0,0,0
0,0,0
0,0,0
0,0,0
0,0,0
0,0,0
0,0,0
0,0,0
0,0,0
0,0,0
0,0,0
0,0,0
1,1,1.0
0,0,0
0,0,0
0,0,0
0,0,0
0,0,0
0,0,0
0,0,0
1,1,1.0
0,0,0
0,0,0
0,0,0
0,0,0
0,0,0
0,0,0
0,0,0.0
0,0,0
0,0,0
0,0,0
0,0,0
0,0,0
0,0,0
0,0,0
0,0,0
0,0,0
0,0,0
0,0,0.0
0,0,0.0
0,0,0.0
0,0,0
0,0,0
5,5,5.0
1,1,1.0
0,0,0
0,0,0
1,1,1.0
0,0,0
6,6,6.0
0,0,0.0
0,0,0.0
0,0,0
1,1,1.0
1,1,1.0
0,0,0.0
0,0,0
0,0,0
0,0,0.0
0,0,0
2,2,2.0
1,3,2.0
2,2,2.0
0,2,1.0
0,18,5.25
0,0,0
0,0,0.0
3,3,3.0
2,2,2.0
0,10,5.0
0,0,0.0
0,0,0.0
0,0,0
0,0,0
0,0,0
1,2,1.5
0,0,0
0,4,2.0
14,14,14.0
1,1,1.0
0,0,0
4,4,4.0
0,8,2.6666666666666665
1,2,1.5
0,0,0
0,4,2.0
0,0,0
0,10,5.0
2,12,5.333333333333333
1,2,1.5
0,0,0
0,3,1.5
0,0,0
0,0,0
4,4,4.0
1,6,3.5
1,14,7.5
1,19,7.75
2,5,3.5
3,21,9.25
13,13,13.0
4,19,9.0
1,4,2.6666666666666665
10,10,10.0
5,5,5.0
5,36,17.0
1,1,1.0
1,22,7.0
3,8,6.333333333333333
0,9,4.0
3,3,3.0
0,11,3.142857142857143
9,9,9.0
6,8,6.666666666666667
7,8,7.5
5,6,5.5
0,9,4.5
8,12,10.0
0,0,0
6,29,16.0
5,13,7.666666666666667
0,0,0
3,9,5.0
7,7,7.0
2,14,9.0
9,19,12.666666666666666
9,9,9.0
0,5,2.5
5,13,8.6
1,12,7.25
6,10,8.0
5,5,5.0
0,6,3.0
8,8,8.0
5,18,9.333333333333334
5,23,14.0
3,15,7.0
14,14,14.0
3,11,8.0
6,14,10.333333333333334
0,0,0
0,10,4.75
2,24,14.0
0,0,0
2,8,5.666666666666667
0,5,2.5
12,17,14.5
1,5,3.0
3,14,6.666666666666667
18,18,18.0
9,22,14.0
5,9,6.333333333333333
8,20,14.0
6,11,8.5
4,13,7.75
10,10,10.0
2,6,4.0
0,0,0.0
3,11,7.0
4,25,14.5
1,2,1.5
0,0,0
4,16,10.0
15,18,16.333333333333332
1,16,7.166666666666667
6,6,6.0
8,26,14.0
9,11,10.0
7,18,10.75
3,7,5.0
6,39,13.6
2,17,9.333333333333334
17,17,17.0
18,27,22.5
0,0,0
1,3,2.0
2,9,6.8
10,10,10.0
18,18,18.0
1,20,13.0
9,9,9.0
5,6,5.5
7,7,7.0
5,24,13.666666666666666
4,10,7.0
8,8,8.0
4,6,5.0
12,17,14.5
0,13,9.2
5,30,13.666666666666666
7,36,20.0
29,29,29.0
32,32,32.0
0,25,17.0
2,25,14.25
0,28,13.666666666666666
10,25,16.0
5,32,19.0
5,5,5.0
14,17,15.666666666666666
4,12,8.0
8,29,18.5
16,24,19.333333333333332
8,24,16.0
10,41,20.333333333333332
18,35,28.666666666666668
8,28,15.8
4,28,15.0
4,24,14.0
4,22,13.0
10,10,10.0
6,10,8.0
20,20,20.0
19,21,20.0
0,0,0
13,45,26.0
4,21,12.666666666666666
18,26,22.0
4,10,7.666666666666667
21,25,22.333333333333332
19,19,19.0
7,7,7.0
9,28,16.333333333333332
13,26,19.0
15,27,21.0
0,0,0.0
4,29,14.25
16,32,26.333333333333332
2,35,16.333333333333332
9,18,14.0
9,35,19.0
33,33,33.0
7,19,12.75
1,32,17.333333333333332
0,0,0
3,36,19.5
20,37,28.5
7,42,24.5
2,26,15.0
12,36,19.75
0,18,10.0
2,19,10.5
13,23,18.8
0,38,15.166666666666666
3,4,3.5
0,38,15.0
0,27,16.333333333333332
9,24,13.166666666666666
5,20,11.25
2,34,16.0
12,31,22.333333333333332
0,13,4.5
15,38,26.5
13,18,15.5
6,34,15.666666666666666
3,39,10.8
5,5,5.0
7,20,14.5
8,13,10.5
12,18,14.333333333333334
0,0,0.0
1,24,11.5
23,26,24.5
7,24,16.666666666666668
0,0,0.0
0,18,11.0
14,23,18.5
2,25,11.833333333333334
8,8,8.0
10,33,18.4
2,16,8.5
9,22,15.0
12,38,25.0
8,13,9.666666666666666
8,10,9.0
11,11,11.0
16,23,19.5
19,19,19.0
2,16,9.0
8,9,8.5
2,38,20.0
15,27,22.333333333333332
7,30,15.6
10,21,13.8
8,8,8.0
0,20,12.0
6,13,9.5
14,31,19.5
18,28,24.333333333333332
16,16,16.0
12,44,28.0
17,47,32.0
0,0,0
1,31,17.333333333333332
2,2,2.0
12,34,23.8
11,25,18.0
12,16,14.0
10,57,33.5
11,11,11.0
31,33,32.0
20,20,20.0
3,25,16.0
22,22,22.0
21,25,23.0
1,15,9.6
11,27,18.333333333333332
4,26,12.333333333333334
13,40,23.75
0,0,0
9,31,16.75
21,30,27.0
17,17,17.0
6,32,18.0
9,37,20.2
26,30,27.333333333333332
22,25,23.5
8,23,18.0
20,23,21.5
7,35,15.75
18,19,18.5
8,31,19.5
5,40,21.0
12,16,14.0
19,31,25.0
5,35,23.0
6,27,18.0
10,25,20.75
19,23,21.0
12,25,17.2
20,24,22.0
4,42,16.166666666666668
19,19,19.0
12,37,23.142857142857142
6,16,11.0
8,27,18.0
9,9,9.0
1,48,30.2
0,0,0
15,33,24.0
28,35,31.333333333333332
8,21,14.5
5,26,15.5
4,35,14.0
2,2,2.0
11,53,22.75
5,25,15.0
2,20,9.8
0,20,10.0
1,57,23.0
14,34,23.5
2,58,24.666666666666668
4,28,16.0
3,40,18.666666666666668
9,35,20.666666666666668
33,33,33.0
2,35,20.666666666666668
10,10,10.0
7,26,19.0
13,13,13.0
13,37,24.75
15,36,25.5
5,31,17.5
0,28,14.0
18,28,24.333333333333332
15,25,20.0
2,16,9.0
3,26,14.8
34,34,34.0
3,27,15.333333333333334
24,24,24.0
22,22,22.0
24,24,24.0
7,8,7.5
6,42,20.333333333333332
1,16,8.5
13,46,25.666666666666668
7,7,7.0
16,16,16.0
25,25,25.0
47,47,47.0
3,15,9.0
1,15,10.333333333333334
12,46,29.0
9,61,35.0
10,36,26.333333333333332
0,0,0
43,43,43.0
11,23,17.0
6,46,24.0
3,32,20.0
27,46,35.0
8,18,12.8
15,26,20.5
22,22,22.0
2,50,19.142857142857142
11,50,29.2
0,0,0
22,34,28.0
6,37,21.6
13,30,20.5
12,55,33.5
11,20,14.666666666666666
3,26,16.0
6,43,21.75
3,70,22.0
7,7,7.0
4,27,13.5
5,53,22.2
6,41,23.5
31,60,41.333333333333336
11,11,11.0
4,25,17.166666666666668
9,57,28.0
0,0,0
2,18,10.666666666666666
0,18,10.4
21,59,40.0
23,37,29.75
2,44,18.4
1,19,11.75
18,30,25.666666666666668
12,40,24.2
0,0,0
15,15,15.0
0,20,10.333333333333334
17,59,34.0
12,21,16.5
16,18,17.0
45,45,45.0
7,17,12.8
11,13,12.0
4,39,16.4
3,35,19.0
10,10,10.0
7,28,16.75
1,16,10.2
12,24,18.0
15,31,20.333333333333332
8,35,20.0
0,0,0
13,54,28.0
16,16,16.0
8,23,13.666666666666666
20,20,20.0
1,16,8.5
12,23,17.5
19,19,19.0
5,28,16.5
8,28,17.333333333333332
17,17,17.0
1,21,9.0
16,16,16.0
11,24,17.0
0,0,0
5,20,13.166666666666666
6,28,16.0
11,32,21.5
1,14,7.5
2,24,12.75
8,42,25.0
3,26,14.25
0,0,0
8,19,13.5
12,34,23.25
13,26,19.5
0,23,9.75
0,0,0
9,25,19.0
9,28,18.25
24,24,24.0
9,16,12.5
13,13,13.0
8,32,19.666666666666668
5,16,10.5
0,28,9.666666666666666
11,52,26.2
17,17,17.0
7,16,10.8
18,21,19.5
18,18,18.0
15,38,26.0
4,25,13.0
1,24,14.5
10,16,13.0
14,38,23.0
12,42,25.0
0,29,13.25
0,34,16.4
15,35,23.666666666666668
15,43,30.0
7,27,17.0
10,25,17.75
8,42,20.5
11,51,29.0
4,4,4.0
21,40,30.5
0,17,11.333333333333334
10,33,24.0
12,16,14.0
21,21,21.0
3,25,14.0
0,0,0
4,25,12.5
9,46,27.25
26,38,32.0
16,34,25.333333333333332
22,42,29.0
10,19,14.5
2,24,13.75
17,17,17.0
7,7,7.0
0,27,12.333333333333334
6,6,6.0
14,27,21.333333333333332
7,21,14.0
3,13,7.0
1,20,8.2
24,24,24.0
5,30,17.0
8,8,8.0
2,3,2.5
0,0,0
13,21,17.0
9,11,10.0
3,33,16.833333333333332
14,14,14.0
29,35,32.0
4,25,14.75
29,29,29.0
13,30,21.5
3,36,15.0
8,32,20.0
6,28,18.25
15,15,15.0
7,36,19.0
20,26,23.0
5,39,16.2
9,9,9.0
4,41,19.8
5,45,25.0
11,26,16.333333333333332
6,42,28.0
2,10,6.0
14,33,20.0
5,38,16.75
53,53,53.0
0,32,11.8
0,0,0
15,33,21.666666666666668
1,12,8.333333333333334
8,8,8.0
14,28,20.0
9,9,9.0
21,47,36.0
13,24,18.5
4,51,18.75
2,48,22.666666666666668
7,29,19.8
32,32,32.0
4,24,12.75
5,5,5.0
16,29,20.333333333333332
9,17,13.75
52,52,52.0
6,18,13.0
9,9,9.0
3,20,11.5
18,18,18.0
0,40,18.8
7,11,9.0
2,24,13.0
1,22,8.6
30,30,30.0
7,16,10.666666666666666
7,9,8.0
7,16,13.0
3,8,5.666666666666667
7,7,7.0
49,49,49.0
15,24,18.75
3,42,17.75
9,13,11.0
0,30,10.5
7,21,13.333333333333334
5,14,9.25
7,18,12.5
3,47,21.8
4,10,7.0
18,56,39.666666666666664
26,26,26.0
11,12,11.5
7,30,19.666666666666668
0,0,0
3,27,14.75
19,19,19.0
12,38,20.4
0,0,0
5,37,16.0
5,28,18.75
13,30,21.666666666666668
10,49,22.666666666666668
0,28,14.0
12,27,17.6
18,20,19.0
1,15,6.333333333333333
8,12,9.333333333333334
5,19,12.0
2,13,8.5
4,15,9.5
3,15,7.75
22,22,22.0
2,20,10.5
11,34,20.333333333333332
5,22,10.75
36,36,36.0
14,14,14.0
7,30,18.5
5,41,20.166666666666668
0,0,0
15,15,15.0
2,34,17.25
4,22,12.2
10,35,21.333333333333332
4,37,14.4
13,27,20.0
0,0,0
7,29,15.0
0,16,7.75
21,22,21.5
11,13,12.0
1,24,9.666666666666666
2,31,15.666666666666666
3,28,18.666666666666668
7,7,7.0
0,17,7.666666666666667
9,34,23.75
2,24,12.0
9,9,9.0
4,26,12.0
2,26,14.0
6,15,10.833333333333334
0,0,0
1,14,7.666666666666667
5,45,20.0
7,19,10.25
12,27,22.25
2,29,13.75
0,0,0
6,16,11.666666666666666
17,17,17.0
37,50,43.5
21,21,21.0
11,21,17.333333333333332
16,30,21.0
3,14,7.0
14,21,17.5
13,20,16.5
2,16,8.333333333333334
2,10,6.0
12,35,20.666666666666668
2,14,10.0
7,28,18.75
2,17,10.333333333333334
1,17,10.8
14,37,24.666666666666668
15,15,15.0
15,41,28.0
7,7,7.0
2,11,7.666666666666667
0,44,17.8
5,32,17.666666666666668
1,28,14.5
3,29,15.666666666666666
9,14,11.5
12,20,15.25
7,22,13.2
18,18,18.0
8,8,8.0
1,20,11.0
11,21,16.0
1,34,16.666666666666668
10,20,14.8
13,21,17.0
9,9,9.0
2,13,7.75
8,13,11.0
3,30,17.25
6,18,13.0
13,25,16.666666666666668
11,11,11.0
26,26,26.0
7,21,12.666666666666666
11,11,11.0
5,9,7.666666666666667
15,17,16.0
3,23,11.5
4,33,12.4
7,18,12.5
10,10,10.0
4,25,17.0
4,19,11.5
6,27,13.333333333333334
2,17,8.25
4,20,12.0
17,33,25.0
12,13,12.5
0,0,0
8,28,14.166666666666666
9,9,9.0
12,29,22.666666666666668
8,37,22.5
0,6,3.0
22,24,23.0
9,26,16.666666666666668
17,17,17.0
9,26,18.2
20,20,20.0
6,9,7.5
7,16,11.5
20,20,20.0
1,16,8.8
11,24,15.0
1,3,2.0
19,19,19.0
4,14,9.0
6,23,13.333333333333334
4,29,16.5
0,38,17.166666666666668
15,17,16.0
6,29,17.5
15,31,23.0
4,11,8.75
7,23,15.0
8,8,8.0
3,22,13.4
1,1,1.0
14,21,17.0
9,22,15.5
6,6,6.0
3,21,12.0
5,30,17.5
29,29,29.0
9,15,11.333333333333334
0,19,11.666666666666666
5,9,7.0
5,36,20.5
16,25,19.0
12,26,20.666666666666668
14,15,14.5
1,16,10.0
11,11,11.0
0,0,0
0,0,0
2,39,20.5
4,13,8.5
3,25,9.2
0,0,0.0
4,40,22.0
38,38,38.0
17,17,17.0
1,37,18.75
2,32,17.0
4,4,4.0
11,25,18.0
7,7,7.0
3,55,23.25
4,26,12.6
12,20,15.333333333333334
3,15,9.0
5,14,8.333333333333334
4,46,20.166666666666668
10,11,10.5
15,15,15.0
12,20,15.0
24,26,25.0
11,16,13.5
0,17,7.25
3,32,21.0
6,35,17.0
2,13,8.75
1,6,3.5
2,17,7.6
0,0,0
12,32,21.75
7,25,13.333333333333334
0,36,18.0
6,26,18.0
9,9,9.0
3,7,5.0
3,22,12.0
0,0,0
12,13,12.5
6,13,10.2
15,15,15.0
2,34,14.8
8,20,13.666666666666666
14,14,14.0
10,20,14.25
2,29,12.666666666666666
8,26,17.0
6,6,6.0
19,30,26.0
0,15,7.333333333333333
2,16,9.0
3,23,14.0
0,16,8.0
21,32,25.333333333333332
4,18,11.8
10,17,13.5
5,23,15.666666666666666
10,24,16.0
17,26,21.0
7,9,8.0
6,29,16.4
34,34,34.0
18,31,25.0
3,14,9.666666666666666
18,29,23.333333333333332
10,30,20.0
22,22,22.0
12,13,12.5
0,0,0
8,20,13.333333333333334
0,16,8.0
23,32,27.5
13,25,18.0
6,46,20.25
2,33,12.5
2,37,15.0
1,12,6.5
11,12,11.333333333333334
4,53,20.5
4,32,18.0
20,20,20.0
6,40,15.0
2,30,13.333333333333334
30,30,30.0
5,24,13.0
5,16,10.5
7,29,15.0
3,17,10.25
11,36,20.0
24,24,24.0
4,37,17.0
19,19,19.0
7,7,7.0
4,21,11.25
6,41,23.5
7,18,12.5
24,30,27.0
14,22,18.0
0,0,0
3,27,19.75
8,17,12.666666666666666
3,18,9.333333333333334
4,5,4.5
10,19,15.666666666666666
27,27,27.0
10,23,17.0
16,16,16.0
17,32,22.666666666666668
6,6,6.0
7,14,9.5
6,6,6.0
0,0,0
5,21,13.0
5,27,13.5
13,13,13.0
0,0,0
15,23,20.0
4,20,9.0
5,35,17.25
0,0,0
8,22,14.5
3,20,8.166666666666666
18,18,18.0
3,28,17.75
9,12,10.5
3,16,8.0
4,21,12.0
0,0,0
0,33,15.666666666666666
11,11,11.0
3,22,13.8
0,0,0
7,24,16.0
3,43,23.0
2,2,2.0
5,5,5.0
11,28,20.666666666666668
2,10,6.0
10,19,14.333333333333334
22,51,36.5
16,36,23.666666666666668
8,24,16.0
9,15,12.0
21,26,24.0
8,25,14.75
7,30,18.0
3,24,16.5
7,10,8.5
16,38,22.5
0,24,13.6
27,27,27.0
2,12,6.25
19,22,20.5
0,18,8.5
6,23,12.0
5,38,20.333333333333332
13,13,13.0
6,27,14.25
4,27,12.8
8,22,12.2
5,47,21.666666666666668
2,20,11.333333333333334
5,24,13.0
35,45,40.0
10,26,17.0
7,36,16.0
5,22,13.5
20,30,25.0
8,17,11.25
9,17,12.666666666666666
11,11,11.0
4,16,10.0
15,15,15.0
17,21,18.666666666666668
6,26,14.75
0,16,8.0
15,15,15.0
13,33,23.0
12,39,25.0
7,28,17.0
12,16,14.333333333333334
15,22,18.333333333333332
9,22,15.5
8,25,17.5
7,25,16.0
15,33,23.8
5,5,5.0
10,23,17.75
15,32,24.333333333333332
5,20,12.5
7,7,7.0
11,21,17.666666666666668
10,28,21.0
20,47,29.8
31,31,31.0
4,17,8.666666666666666
27,27,27.0
2,24,13.6
0,0,0
11,23,17.0
16,23,19.5
2,2,2.0
11,17,13.5
13,20,16.333333333333332
7,21,12.333333333333334
6,20,15.0
1,26,12.8
3,51,23.0
6,11,7.666666666666667
3,23,13.0
4,36,14.0
6,33,24.25
19,29,24.0
0,0,0
8,12,10.333333333333334
14,14,14.0
0,0,0
7,23,15.0
15,32,21.5
1,17,9.0
4,4,4.0
16,16,16.0
0,40,20.2
2,35,16.25
10,22,15.333333333333334
1,26,11.0
0,0,0
15,17,15.5
10,10,10.0
18,18,18.0
8,29,17.25
18,18,18.0
1,27,12.8
21,21,21.0
5,33,17.75
5,32,23.8
8,8,8.0
14,34,21.75
17,35,26.0
12,41,26.5
0,0,0
13,13,13.0
6,21,13.5
21,25,23.0
8,28,17.0
19,21,20.0
24,25,24.5
8,27,13.25
2,19,10.666666666666666
6,27,16.5
6,30,20.0
2,35,19.4
12,14,13.0
5,26,12.0
2,31,17.8
8,40,24.0
26,26,26.0
3,30,15.4
11,42,26.666666666666668
7,24,15.5
11,25,20.25
8,8,8.0
19,27,22.25
10,30,21.0
10,22,16.0
9,24,17.333333333333332
16,24,20.0
21,22,21.5
7,9,8.0
10,32,18.75
11,51,31.0
5,33,18.5
0,25,12.5
5,28,14.5
12,18,14.333333333333334
1,27,13.5
7,36,24.25
0,0,0
8,36,22.75
10,27,20.333333333333332
1,7,4.0
6,6,6.0
0,43,23.2
17,17,17.0
21,26,23.0
6,6,6.0
3,11,7.0
9,42,22.75
10,16,12.25
24,24,24.0
12,16,14.0
16,41,24.333333333333332
5,14,9.5
11,24,17.0
4,4,4.0
14,29,19.4
1,37,14.0
11,33,20.0
23,23,23.0
4,26,12.333333333333334
35,41,38.0
16,32,24.857142857142858
21,44,32.5
17,33,25.0
21,30,25.5
5,33,17.857142857142858
11,12,11.5
11,41,25.5
28,40,34.0
17,31,23.666666666666668
5,21,13.0
7,16,11.5
8,15,10.333333333333334
2,21,12.833333333333334
14,50,37.666666666666664
15,26,20.5
12,49,31.666666666666668
13,20,17.0
51,51,51.0
3,21,13.75
19,27,22.0
10,21,15.666666666666666
49,49,49.0
6,19,12.5
8,33,19.6
0,0,0
13,30,20.4
14,72,36.333333333333336
1,19,10.0
1,47,18.5
8,8,8.0
2,27,13.0
6,33,21.0
8,30,17.2
6,30,18.0
31,31,31.0
3,41,20.5
17,17,17.0
9,15,12.0
7,53,26.666666666666668
8,31,16.666666666666668
27,35,31.0
5,35,20.0
4,45,24.5
8,18,12.666666666666666
13,34,20.0
26,26,26.0
23,23,23.0
12,58,28.666666666666668
19,19,19.0
8,18,12.5
18,34,24.666666666666668
12,33,19.333333333333332
12,28,20.5
3,3,3.0
8,37,20.666666666666668
8,19,15.333333333333334
5,14,9.75
19,19,19.0
19,47,28.25
17,17,17.0
7,31,19.25
17,23,20.0
8,52,25.0
8,39,24.333333333333332
3,60,19.75
1,39,20.833333333333332
10,40,25.0
9,26,18.0
7,48,18.857142857142858
23,25,24.0
0,4,2.0
27,47,40.333333333333336
2,35,18.333333333333332
11,27,16.4
7,14,10.5
8,28,15.5
22,24,23.0
3,30,13.4
15,35,25.0
3,35,13.666666666666666
15,24,19.25
14,14,14.0
23,30,26.5
4,33,14.333333333333334
27,42,32.333333333333336
14,36,25.0
0,33,15.333333333333334
10,24,17.0
10,11,10.5
2,38,20.5
4,12,8.0
9,43,28.0
6,39,23.25
20,21,20.5
23,43,33.0
16,27,22.666666666666668
9,30,16.2
13,26,19.4
15,26,19.5
19,19,19.0
14,18,16.0
8,29,16.666666666666668
4,13,8.5
20,35,27.5
10,28,19.5
11,32,18.75
4,31,18.8
14,29,22.0
0,0,0
3,3,3.0
18,18,18.0
19,32,25.5
14,14,14.0
27,29,28.0
6,12,8.666666666666666
22,22,22.0
12,12,12.0
10,17,14.0
12,28,20.0
15,24,19.5
11,31,22.5
11,20,14.333333333333334
16,24,20.0
4,20,12.666666666666666
0,0,0.0
14,36,22.75
12,48,24.0
8,27,16.2
13,13,13.0
16,26,21.25
13,20,16.5
19,35,24.666666666666668
15,19,17.25
15,15,15.0
15,34,24.666666666666668
7,13,10.333333333333334
3,13,8.0
4,36,18.333333333333332
8,48,27.0
5,6,5.5
19,27,22.666666666666668
29,35,32.0
16,29,22.5
2,42,17.0
17,17,17.0
8,39,19.166666666666668
11,11,11.0
14,22,18.0
4,12,8.0
18,35,26.5
1,24,14.0
45,45,45.0
15,34,24.5
12,12,12.0
17,38,27.5
7,29,18.0
9,27,22.6
7,32,19.666666666666668
0,0,0
8,38,21.25
30,31,30.5
7,19,11.0
18,28,21.5
3,15,10.0
26,28,27.0
0,0,0
24,27,25.5
17,37,23.25
6,28,17.2
13,36,21.75
4,8,6.0
26,26,26.0
7,38,24.5
32,34,33.0
37,42,39.5
15,15,15.0
8,46,26.6
5,27,13.666666666666666
19,33,28.75
9,9,9.0
19,54,29.4
19,23,21.0
7,27,17.666666666666668
17,28,22.333333333333332
9,34,20.75
9,35,17.666666666666668
11,52,35.25
8,45,21.333333333333332
11,13,11.666666666666666
24,25,24.333333333333332
13,28,20.75
14,36,24.2
5,41,22.5
14,14,14.0
4,42,20.8
15,39,27.0
10,36,21.666666666666668
1,30,13.666666666666666
9,29,19.75
13,55,29.25
2,38,16.666666666666668
26,39,32.5
13,13,13.0
20,46,33.0
5,13,7.6
43,43,43.0
6,36,18.333333333333332
11,25,18.0
9,29,19.0
5,7,6.0
0,26,10.333333333333334
3,42,17.333333333333332
2,57,23.333333333333332
4,14,9.5
9,24,15.8
6,62,29.75
6,23,13.6
3,26,14.5
18,20,19.0
8,60,33.5
25,69,47.0
6,6,6.0
4,15,9.666666666666666
4,38,20.0
18,28,23.0
37,37,37.0
18,31,24.4
12,22,17.666666666666668
13,39,24.666666666666668
19,54,31.666666666666668
5,21,13.666666666666666
1,33,15.142857142857142
36,36,36.0
2,28,13.0
1,38,14.833333333333334
18,38,28.0
9,57,27.5
0,0,0
19,31,23.4
7,29,18.0
20,36,26.5
20,20,20.0
4,18,10.0
5,30,15.2
4,34,21.0
25,25,25.0
32,32,32.0
8,30,20.25
18,45,29.6
20,39,29.5
19,34,26.5
37,61,49.0
11,27,20.333333333333332
0,0,0
6,8,7.0
9,29,18.5
23,37,29.333333333333332
34,34,34.0
8,32,18.0
8,49,21.0
15,17,16.0
14,23,18.5
10,13,11.5
17,17,17.0
8,32,16.75
4,49,26.5
28,28,28.0
8,23,15.0
14,19,16.5
51,51,51.0
0,19,12.6
13,22,16.0
18,35,25.75
2,39,15.0
9,19,13.75
5,16,12.0
8,35,17.333333333333332
1,13,7.0
3,25,14.0
4,4,4.0
0,31,16.5
18,31,23.666666666666668
3,46,19.0
21,21,21.0
33,33,33.0
5,20,13.8
25,56,36.0
0,15,7.5
5,15,10.0
14,40,28.666666666666668
22,22,22.0
11,14,12.5
12,31,21.5
23,39,31.0
13,13,13.0
0,39,10.75
17,18,17.5
8,44,27.8
2,20,11.333333333333334
1,32,14.2
2,31,16.25
11,11,11.0
3,34,17.666666666666668
21,21,21.0
6,23,12.75
12,17,14.5
1,14,10.25
3,15,8.25
2,11,5.666666666666667
0,29,13.5
6,18,12.0
7,17,10.666666666666666
25,30,27.5
3,20,11.5
5,32,16.5
0,0,0
0,27,11.25
16,16,16.0
24,30,27.0
4,28,13.6
10,10,10.0
12,39,24.0
17,17,17.0
18,38,26.5
15,15,15.0
12,35,21.0
2,17,9.5
8,18,11.666666666666666
6,28,13.5
5,42,21.75
9,20,14.5
3,31,17.0
19,40,28.666666666666668
7,27,17.0
7,30,22.333333333333332
6,6,6.0
7,38,18.333333333333332
1,8,4.666666666666667
3,25,13.0
4,25,12.75
3,25,11.333333333333334
10,19,12.75
14,23,17.333333333333332
0,0,0
0,0,0
8,51,25.4
19,19,19.0
2,21,14.0
18,33,25.5
13,19,16.0
3,41,15.75
9,38,26.0
8,45,21.333333333333332
6,14,9.75
11,32,19.0
0,0,0
6,16,11.666666666666666
0,0,0
3,42,25.666666666666668
3,18,11.333333333333334
2,50,22.5
1,38,19.666666666666668
8,11,9.5
3,8,6.0
12,12,12.0
1,27,16.75
19,26,22.5
19,23,21.0
5,19,13.5
12,24,18.0
7,16,11.5
31,33,32.0
9,12,10.5
11,29,17.0
12,13,12.5
8,24,17.0
5,14,9.0
14,15,14.5
5,27,15.5
1,13,7.666666666666667
21,52,36.5
16,38,27.0
16,27,21.5
2,33,15.0
0,0,0
2,32,17.0
0,0,0
7,49,17.25
1,35,18.0
0,25,13.2
28,28,28.0
2,21,13.0
8,25,14.75
6,27,19.0
0,29,16.0
8,14,11.0
5,23,14.0
3,22,11.75
10,52,24.333333333333332
5,19,12.75
1,26,17.666666666666668
6,32,21.4
9,9,9.0
8,15,11.666666666666666
12,13,12.5
2,33,18.5
4,19,10.666666666666666
16,28,22.0
8,27,18.25
0,14,6.75
21,33,27.0
16,30,23.0
2,19,12.0
4,38,16.0
19,26,22.666666666666668
4,23,14.333333333333334
6,8,7.0
10,12,11.0
5,34,15.25
17,27,21.0
10,26,18.666666666666668
5,19,13.333333333333334
20,35,27.0
6,17,11.5
10,27,19.666666666666668
13,33,21.0
15,15,15.0
14,32,23.0
3,19,8.4
9,29,19.75
3,30,15.6
3,14,9.0
4,28,13.0
1,20,11.25
23,27,25.0
2,20,13.666666666666666
7,27,14.75
10,45,21.666666666666668
6,22,14.5
0,0,0.0
2,25,15.8
6,15,10.5
7,50,25.4
1,1,1.0
16,52,29.0
7,31,19.4
0,0,0
11,12,11.333333333333334
0,0,0
0,25,13.428571428571429
24,30,27.0
0,21,10.0
5,5,5.0
18,26,22.0
17,55,36.0
9,14,10.666666666666666
28,28,28.0
8,8,8.0
8,8,8.0
11,24,17.5
1,17,8.333333333333334
5,30,17.5
2,3,2.5
25,25,25.0
4,4,4.0
3,3,3.0
2,18,7.833333333333333
13,13,13.0
2,36,13.5
16,16,16.0
6,28,15.8
16,16,16.0
0,25,13.4
3,18,10.4
9,28,18.5
0,0,0
14,44,24.833333333333332
20,20,20.0
6,20,14.333333333333334
13,46,24.666666666666668
4,23,15.666666666666666
8,12,10.0
20,20,20.0
4,35,16.0
15,15,15.0
7,48,21.2
3,23,7.4
13,31,23.0
1,21,11.0
5,20,14.25
11,11,11.0
4,52,19.2
5,21,11.666666666666666
4,13,8.5
7,11,9.0
0,0,0
3,7,5.666666666666667
2,26,14.0
2,25,11.6
12,19,15.5
9,30,17.666666666666668
5,21,12.5
12,28,21.333333333333332
2,76,27.0
14,14,14.0
2,20,12.5
0,0,0
12,70,31.5
21,21,21.0
15,31,22.0
0,0,0
8,19,13.5
0,30,15.0
8,37,19.333333333333332
6,27,16.8
0,0,0
0,18,11.5
2,2,2.0
13,13,13.0
4,38,21.8
3,35,15.666666666666666
17,17,17.0
7,33,16.5
21,21,21.0
7,21,14.0
24,75,49.5
62,62,62.0
23,27,25.0
6,23,17.0
7,31,18.75
0,0,0
6,28,14.666666666666666
17,31,23.333333333333332
21,26,23.5
3,7,5.0
15,15,15.0
7,28,16.0
3,19,10.6
11,11,11.0
1,36,11.375
4,4,4.0
0,40,19.714285714285715
38,38,38.0
16,25,21.428571428571427
10,13,11.5
8,21,15.0
0,24,12.0
1,23,14.8
4,12,7.666666666666667
2,21,14.0
5,21,13.0
7,18,11.25
7,10,8.5
26,26,26.0
17,17,17.0
15,15,15.0
9,27,16.0
7,7,7.0
0,17,7.333333333333333
2,2,2.0
4,42,20.4
62,62,62.0
11,11,11.0
11,11,11.0
5,45,20.666666666666668
2,26,9.25
8,38,19.0
17,36,26.5
16,32,22.25
2,16,9.0
3,27,17.666666666666668
6,29,17.5
5,24,16.666666666666668
12,27,19.5
2,21,9.2
0,0,0
0,0,0
0,27,11.0
0,0,0
10,21,15.0
8,22,15.0
14,14,14.0
25,25,25.0
5,11,8.0
14,41,27.5
27,27,27.0
6,29,17.5
6,41,21.333333333333332
9,23,16.0
3,3,3.0
13,31,22.0
5,48,26.5
5,25,16.0
1,31,16.0
18,18,18.0
3,11,8.75
9,49,29.0
3,20,11.5
7,36,25.5
13,24,18.5
5,36,24.4
0,34,18.0
5,27,17.5
14,22,18.0
25,25,25.0
2,21,12.75
1,38,19.5
0,0,0
8,29,18.5
16,24,20.666666666666668
5,10,7.5
6,26,18.333333333333332
7,41,24.0
10,10,10.0
4,29,16.0
0,20,9.6
11,33,24.5
0,0,0
21,35,26.333333333333332
5,9,7.0
18,28,22.333333333333332
2,34,17.333333333333332
8,32,16.0
8,19,11.0
13,27,17.25
1,27,16.5
15,36,25.0
0,0,0
6,12,9.666666666666666
0,26,14.8
15,24,20.25
1,19,12.0
27,27,27.0
5,47,19.4
24,24,24.0
11,11,11.0
4,41,22.0
8,27,17.25
3,23,13.0
0,16,8.666666666666666
3,38,16.0
3,3,3.0
25,25,25.0
3,18,10.5
8,23,17.666666666666668
15,36,25.5
9,20,13.0
9,19,13.75
11,26,16.333333333333332
12,12,12.0
7,26,14.4
10,47,30.0
7,24,16.375
3,25,12.75
8,19,13.5
10,37,21.666666666666668
14,26,21.333333333333332
17,22,19.5
12,33,22.5
18,32,24.0
11,29,19.333333333333332
13,30,20.0
1,16,9.666666666666666
7,32,15.75
7,27,17.0
5,34,19.5
18,18,18.0
22,22,22.0
19,29,24.0
5,12,8.25
8,24,13.666666666666666
0,0,0
2,48,25.0
10,36,23.0
13,20,17.0
33,37,35.0
5,5,5.0
9,52,23.5
0,0,0
4,27,17.833333333333332
27,27,27.0
4,21,14.6
27,43,35.0
0,38,21.6
3,22,14.666666666666666
12,37,23.0
11,11,11.0
19,24,20.666666666666668
17,24,19.75
10,37,27.0
29,29,29.0
0,2,1.0
18,24,21.0
8,26,15.571428571428571
34,39,36.5
6,28,17.0
3,23,10.666666666666666
7,7,7.0
40,40,40.0
20,20,20.0
15,45,33.2
8,20,14.0
6,41,16.8
9,23,18.0
4,48,18.25
9,14,12.25
3,43,18.4
4,33,19.666666666666668
3,43,23.0
3,45,25.0
0,42,26.0
3,28,16.2
44,44,44.0
4,43,22.8
44,44,44.0
11,18,14.5
6,28,14.25
5,30,15.0
29,49,37.666666666666664
19,34,26.0
2,8,5.0
7,24,18.333333333333332
4,43,24.5
17,36,26.5
10,27,19.333333333333332
4,4,4.0
8,43,28.833333333333332
8,20,15.333333333333334
18,51,33.333333333333336
1,39,20.6
9,33,23.666666666666668
2,47,24.4
20,47,29.75
15,43,26.333333333333332
6,35,17.6
18,56,37.0
44,44,44.0
26,55,38.5
10,52,31.0
13,52,32.5
5,30,17.5
12,30,21.0
13,22,19.0
1,34,14.666666666666666
23,23,23.0
30,42,36.0
3,45,19.0
3,36,15.833333333333334
14,31,22.5
8,57,30.4
3,31,13.333333333333334
6,28,15.4
7,54,24.666666666666668
21,33,27.0
5,42,22.2
25,27,26.0
0,0,0
4,45,21.0
11,31,21.333333333333332
31,44,37.5
45,45,45.0
7,18,14.333333333333334
14,19,16.0
2,30,13.333333333333334
39,39,39.0
23,31,27.0
14,35,24.5
12,23,17.333333333333332
4,25,16.8
0,0,0
26,39,32.5
10,10,10.0
3,52,27.5
0,0,0
12,41,26.5
33,39,36.0
4,38,16.0
3,27,17.0
10,41,21.0
0,17,9.75
0,32,19.333333333333332
5,10,8.0
4,22,12.75
55,55,55.0
41,52,46.5
0,0,0
14,30,20.25
37,37,37.0
3,56,20.75
49,49,49.0
2,36,14.0
9,29,19.2
8,18,13.0
6,18,12.8
6,18,12.0
4,34,19.0
5,32,18.5
5,69,25.0
7,19,13.0
4,45,23.714285714285715
6,6,6.0
14,33,22.666666666666668
6,27,16.5
24,24,24.0
18,18,18.0
14,49,32.6
9,18,13.0
2,34,18.0
17,17,17.0
5,36,18.25
0,0,0
10,48,33.75
13,17,15.0
7,7,7.0
2,34,21.75
0,54,17.75
2,34,18.0
6,36,24.6
15,15,15.0
1,24,13.571428571428571
2,2,2.0
6,38,26.333333333333332
13,22,17.5
11,37,18.2
3,15,8.666666666666666
18,22,20.0
6,18,12.0
23,32,27.5
4,39,17.333333333333332
2,23,12.5
3,39,17.0
41,41,41.0
4,43,20.166666666666668
13,26,19.5
2,25,15.5
61,61,61.0
0,6,3.0
4,4,4.0
9,44,22.0
3,3,3.0
12,44,29.0
28,28,28.0
0,0,0
0,0,0
5,36,18.25
14,14,14.0
8,44,23.666666666666668
7,26,14.0
8,17,11.0
14,42,23.75
6,22,13.0
26,26,26.0
2,38,15.0
7,28,21.0
11,35,24.0
20,57,35.333333333333336
37,37,37.0
7,53,32.0
5,32,21.666666666666668
19,19,19.0
11,26,19.25
18,30,22.333333333333332
30,41,35.5
11,32,21.5
2,23,10.333333333333334
18,21,19.5
27,27,27.0
3,23,15.8
12,24,18.666666666666668
9,15,12.0
12,15,13.5
6,21,13.0
20,23,21.5
30,50,38.0
12,21,17.333333333333332
22,28,25.666666666666668
20,20,20.0
3,17,10.333333333333334
8,21,14.5
0,19,11.333333333333334
8,55,24.0
21,39,30.0
16,40,26.0
19,19,19.0
2,51,21.0
3,23,13.0
1,25,13.0
18,23,20.5
1,47,24.0
7,34,18.75
20,37,27.666666666666668
7,10,8.5
4,26,13.25
6,17,11.5
7,23,14.5
10,10,10.0
4,23,11.0
9,56,28.0
16,21,18.5
45,45,45.0
56,56,56.0
8,28,16.714285714285715
14,36,23.333333333333332
8,8,8.0
10,37,24.25
9,21,15.0
5,40,22.0
26,26,26.0
3,29,18.8
4,8,6.4
6,39,17.6
5,22,14.666666666666666
5,36,16.4
4,22,13.0
8,21,14.5
5,10,8.0
18,18,18.0
8,32,20.0
1,9,4.5
23,27,25.0
27,31,29.0
12,24,17.75
24,24,24.0
4,13,8.0
0,0,0
5,24,14.5
8,27,17.5
13,28,20.5
5,31,18.333333333333332
5,21,13.0
8,14,11.0
9,39,30.0
2,15,6.0
4,22,12.666666666666666
4,46,26.25
7,8,7.5
16,16,16.0
14,14,14.0
7,62,30.666666666666668
9,33,19.25
7,24,15.25
0,0,0
11,38,21.0
25,25,25.0
0,0,0
11,13,12.0
15,45,24.0
14,14,14.0
2,34,14.0
8,24,13.666666666666666
9,19,14.0
2,25,12.2
0,0,0
13,15,14.333333333333334
18,22,20.666666666666668
11,27,19.0
29,29,29.0
5,5,5.0
0,31,15.25
13,17,15.0
4,20,12.75
1,34,17.75
7,18,13.333333333333334
33,33,33.0
1,16,10.0
1,1,1.0
13,33,23.666666666666668
0,0,0
6,25,16.25
10,41,21.666666666666668
5,8,6.333333333333333
2,41,21.5
7,32,16.0
6,41,19.333333333333332
20,24,22.0
13,28,19.833333333333332
38,38,38.0
14,18,16.0
33,33,33.0
4,22,13.75
7,28,20.333333333333332
8,18,13.333333333333334
11,32,21.5
14,33,20.25
17,20,18.5
6,6,6.0
15,19,17.0
24,24,24.0
2,2,2.0
13,39,26.5
16,35,25.5
15,18,16.5
8,31,16.833333333333332
21,21,21.0
1,31,14.0
0,0,0
11,44,22.333333333333332
11,54,32.5
9,9,9.0
9,38,22.0
8,20,15.5
9,28,17.6
7,52,21.166666666666668
15,51,27.0
4,35,19.6
19,24,21.5
24,32,28.0
0,28,11.666666666666666
27,27,27.0
8,17,12.5
9,34,25.0
1,29,17.0
12,28,20.0
43,43,43.0
10,20,14.333333333333334
6,17,10.857142857142858
8,10,9.0
15,33,24.0
14,39,26.5
11,11,11.0
25,34,29.5
13,28,19.333333333333332
21,30,25.5
17,40,28.5
3,15,10.0
1,30,12.5
0,0,0
10,25,19.666666666666668
9,31,25.0
2,41,19.75
7,46,26.5
16,60,33.666666666666664
3,22,11.333333333333334
5,23,15.0
0,0,0
1,38,21.5
1,23,12.0
3,36,15.0
11,11,11.0
16,16,16.0
0,38,13.25
9,35,19.333333333333332
8,25,13.5
1,60,23.666666666666668
5,5,5.0
12,20,15.666666666666666
8,9,8.5
22,44,33.0
17,26,21.5
6,44,26.2
26,26,26.0
3,21,11.166666666666666
69,69,69.0
2,29,14.2
6,28,18.25
0,0,0
23,36,30.666666666666668
7,17,12.25
10,24,15.8
24,52,34.333333333333336
7,28,21.0
16,20,18.0
21,21,21.0
2,20,10.6
62,62,62.0
24,28,26.0
46,46,46.0
14,60,35.4
1,14,7.5
1,28,15.75
8,22,15.666666666666666
5,24,12.666666666666666
9,68,29.333333333333332
3,42,16.0
3,23,13.0
9,29,16.25
1,42,15.666666666666666
6,59,20.4
1,29,13.0
60,62,61.0
13,13,13.0
12,74,40.5
6,35,17.6
4,71,35.666666666666664
6,39,24.0
0,14,7.0
10,32,24.25
3,40,19.75
5,43,21.666666666666668
13,27,18.666666666666668
7,23,16.0
9,41,26.666666666666668
11,26,18.5
1,36,19.8
9,39,24.0
7,7,7.0
7,62,31.25
12,17,14.5
3,3,3.0
0,30,12.666666666666666
6,26,15.666666666666666
4,30,18.666666666666668
12,20,16.0
7,40,22.75
16,25,20.5
2,25,13.5
0,0,0.0
3,37,15.25
10,16,13.0
0,25,11.0
34,34,34.0
7,9,7.8
0,37,16.5
0,65,23.333333333333332
1,52,26.5
6,16,11.0
4,25,12.333333333333334
18,46,32.0
13,18,15.5
3,3,3.0
1,11,7.666666666666667
17,18,17.5
3,41,17.25
6,10,8.666666666666666
5,28,16.333333333333332
10,18,15.0
2,41,16.333333333333332
7,22,15.25
3,3,3.0
0,13,6.5
0,22,8.8
3,56,29.5
3,3,3.0
20,20,20.0
4,55,29.5
11,11,11.0
5,23,15.2
7,7,7.0
1,52,19.6
0,0,0
5,10,7.5
11,24,18.0
7,10,8.666666666666666
0,0,0
2,31,17.6
0,0,0.0
5,24,14.666666666666666
6,7,6.333333333333333
3,16,10.333333333333334
1,23,9.333333333333334
5,41,19.75
0,2,1.0
4,18,11.0
2,22,11.0
5,18,13.0
13,20,16.5
14,32,23.333333333333332
8,25,14.5
14,14,14.0
40,40,40.0
3,19,11.75
18,20,19.0
0,0,0
14,17,15.5
2,15,8.75
19,19,19.0
12,20,16.666666666666668
13,15,14.0
8,42,25.0
5,18,10.6
0,53,26.5
10,12,11.0
0,0,0
25,30,27.5
18,48,30.0
17,17,17.0
0,31,16.75
26,26,26.0
0,15,7.333333333333333
2,20,12.666666666666666
5,34,19.5
2,15,7.333333333333333
17,17,17.0
1,15,7.0
12,12,12.0
3,34,14.6
22,22,22.0
1,20,11.5
4,43,22.666666666666668
2,17,11.0
17,22,19.5
11,25,17.0
19,44,31.5
15,38,25.0
12,26,18.0
13,18,15.5
1,11,6.0
8,10,9.333333333333334
6,28,15.0
23,30,26.333333333333332
2,22,12.0
13,14,13.5
20,20,20.0
10,12,11.0
6,22,14.0
9,25,16.0
15,15,15.0
7,7,7.0
2,40,22.0
2,2,2.0
7,29,17.2
14,16,14.666666666666666
0,40,17.0
3,3,3.0
0,3,1.5
6,6,6.0
3,28,20.0
13,13,13.0
1,31,16.0
5,27,13.0
16,16,16.0
17,17,17.0
19,32,25.5
5,22,11.0
21,22,21.5
11,18,14.5
4,27,13.333333333333334
13,13,13.0
9,14,11.5
31,31,31.0
3,21,7.4
4,44,22.4
4,12,8.0
11,11,11.0
6,6,6.0
2,30,13.4
0,0,0
2,18,8.0
4,4,4.0
0,0,0
34,34,34.0
0,19,11.666666666666666
12,14,13.0
0,0,0
13,19,16.0
10,50,25.333333333333332
0,26,11.0
4,38,14.25
5,45,23.0
2,6,4.0
11,12,11.5
0,0,0
8,21,13.333333333333334
0,0,0
14,24,19.0
6,11,8.5
8,32,15.0
4,35,14.5
5,16,10.5
4,12,8.0
8,16,11.2
12,13,12.333333333333334
15,35,22.666666666666668
2,10,6.0
5,10,7.5
3,22,12.666666666666666
6,19,13.0
7,20,14.333333333333334
7,21,12.0
17,27,22.0
1,30,10.142857142857142
7,18,12.5
6,12,9.0
8,15,10.666666666666666
11,15,13.0
5,24,12.4
5,23,15.0
13,20,15.666666666666666
6,7,6.5
10,10,10.0
6,16,12.5
3,20,11.666666666666666
6,31,17.4
5,14,9.5
7,26,14.6
6,26,17.666666666666668
24,24,24.0
13,24,17.0
7,24,15.333333333333334
9,9,9.0
13,59,28.75
3,11,7.666666666666667
7,7,7.0
13,35,24.25
19,27,23.0
11,16,13.5
15,41,28.0
10,21,16.75
14,17,15.333333333333334
8,8,8.0
15,33,23.0
5,33,14.0
12,20,16.0
2,22,13.0
1,35,15.333333333333334
3,24,11.25
9,17,12.0
3,13,8.0
4,21,9.75
11,11,11.0
4,22,14.833333333333334
11,17,14.0
8,8,8.0
10,33,17.4
12,32,21.666666666666668
21,27,24.0
9,10,9.5
7,7,7.0
6,15,11.666666666666666
10,21,14.5
11,11,11.0
6,17,11.5
14,14,14.0
6,31,16.8
14,18,16.0
2,8,5.666666666666667
12,32,19.6
19,26,22.5
8,18,12.0
2,7,4.5
4,17,10.4
6,14,9.333333333333334
5,40,21.666666666666668
2,22,10.0
1,30,13.25
8,35,15.0
2,23,13.0
7,14,10.5
12,32,22.333333333333332
9,19,14.333333333333334
8,48,23.25
7,17,12.0
0,3,1.6666666666666667
6,27,17.6
4,14,9.0
3,13,9.333333333333334
5,19,12.0
0,0,0
5,17,10.0
11,22,17.0
26,26,26.0
4,23,11.25
22,22,22.0
8,40,22.333333333333332
29,29,29.0
13,32,19.75
9,18,13.5
0,0,0
5,28,15.8
18,18,18.0
8,22,13.333333333333334
11,11,11.0
1,18,10.75
13,41,25.333333333333332
0,29,11.6
8,21,14.666666666666666
11,23,15.75
7,10,8.5
6,28,15.0
7,7,7.0
5,28,15.666666666666666
0,30,14.25
7,33,20.0
30,30,30.0
20,27,22.0
4,13,8.5
7,7,7.0
0,25,13.2
21,28,24.5
2,22,9.5
0,14,6.333333333333333
11,11,11.0
1,29,14.2
9,9,9.0
1,29,16.0
7,21,13.333333333333334
36,36,36.0
14,17,15.5
2,29,13.0
0,21,11.2
7,15,11.25
4,20,12.0
3,19,10.4
11,11,11.0
4,16,9.333333333333334
7,9,8.0
16,18,17.0
29,29,29.0
17,23,20.0
22,22,22.0
0,29,13.2
10,14,12.0
21,25,23.0
7,16,10.333333333333334
11,22,15.333333333333334
3,9,5.666666666666667
9,17,13.5
3,18,9.666666666666666
15,31,23.0
7,29,18.0
26,26,26.0
1,23,12.25
16,16,16.0
2,6,4.0
9,19,13.0
17,26,21.5
26,38,33.0
0,24,13.0
4,4,4.0
8,25,15.6
13,13,13.0
5,29,12.2
28,28,28.0
15,23,20.0
11,36,19.5
4,4,4.0
6,10,8.0
8,8,8.0
11,38,21.333333333333332
13,37,24.666666666666668
13,18,15.5
3,10,6.5
7,18,10.6
11,20,14.0
0,0,0
0,0,0
1,27,10.2
10,29,19.5
10,12,11.0
5,22,11.25
10,10,10.0
22,23,22.5
6,24,15.0
1,33,17.0
5,13,8.0
0,12,6.0
20,27,23.5
1,25,13.0
28,29,28.5
10,13,11.5
2,26,11.0
9,37,22.75
7,8,7.5
6,12,9.0
8,22,15.0
12,12,12.0
6,29,17.5
19,37,28.0
0,0,0
14,31,21.333333333333332
2,33,17.0
4,7,5.5
4,25,12.5
1,24,16.0
21,21,21.0
2,18,10.0
5,17,11.0
0,21,8.25
11,33,22.0
9,22,13.4
4,10,7.0
4,16,7.75
4,25,17.666666666666668
17,17,17.0
2,30,11.666666666666666
1,13,6.0
17,17,17.0
9,34,16.0
16,16,16.0
0,0,0
13,15,14.0
4,4,4.0
1,27,9.25
3,20,11.5
4,8,6.0
4,25,14.5
4,21,11.666666666666666
3,14,9.666666666666666
10,18,14.0
8,19,12.333333333333334
0,34,11.0
5,18,11.5
0,0,0.0
14,14,14.0
0,27,10.0
2,22,13.0
3,22,10.666666666666666
13,23,18.333333333333332
3,3,3.0
1,32,21.666666666666668
8,8,8.0
8,21,14.5
6,32,15.0
9,17,13.0
6,32,23.2
11,18,14.5
29,34,31.5
13,13,13.0
2,44,23.0
4,4,4.0
5,26,16.75
8,22,16.0
1,33,17.0
16,16,16.0
0,30,12.333333333333334
8,30,15.333333333333334
16,21,18.5
9,33,20.333333333333332
11,34,19.0
9,23,17.333333333333332
6,29,15.5
14,31,23.25
14,14,14.0
2,35,19.75
26,26,26.0
1,20,11.5
16,35,25.5
4,33,15.0
8,30,21.75
17,54,36.25
5,5,5.0
5,43,26.4
0,0,0
1,19,9.666666666666666
23,23,23.0
21,21,21.0
24,24,24.0
8,30,19.0
12,23,18.0
7,7,7.0
6,42,20.0
7,34,23.333333333333332
13,55,30.0
7,15,11.0
3,50,25.0
10,32,21.0
9,42,22.5
7,33,15.0
0,29,15.2
17,17,17.0
9,37,24.4
18,18,18.0
6,20,12.25
11,22,17.0
17,29,23.0
0,9,4.0
16,48,28.0
7,35,21.0
10,24,15.25
13,35,24.0
1,18,7.333333333333333
0,0,0
14,14,14.0
4,34,23.0
12,13,12.333333333333334
0,47,21.0
3,24,10.75
20,48,32.0
15,15,15.0
23,45,37.0
15,31,23.0
8,30,19.0
3,16,9.333333333333334
4,40,24.0
14,22,18.0
7,31,18.75
7,42,18.5
0,38,17.0
0,0,0.0
0,0,0
6,44,18.666666666666668
28,28,28.0
1,40,16.0
18,18,18.0
25,25,25.0
8,45,25.2
28,29,28.5
1,41,19.0
16,16,16.0
23,36,28.333333333333332
0,0,0
20,21,20.5
12,37,24.5
1,24,12.5
0,33,16.5
12,15,13.5
7,32,18.25
0,0,0
9,21,17.8
7,10,8.5
4,21,12.333333333333334
32,44,38.0
0,0,0
1,19,13.5
26,26,26.0
15,29,22.0
2,35,22.2
10,41,25.4
20,36,27.666666666666668
0,55,16.2
48,48,48.0
8,32,18.6
0,54,30.25
4,36,20.0
5,54,19.2
30,39,34.5
15,29,20.5
17,38,26.5
25,30,27.5
3,22,13.5
33,56,44.5
17,41,33.0
7,21,14.0
7,24,17.666666666666668
12,12,12.0
6,22,14.0
8,36,18.666666666666668
13,32,21.0
0,7,3.3333333333333335
1,14,7.5
27,27,27.0
1,15,8.333333333333334
10,48,29.0
3,30,12.333333333333334
25,39,32.0
19,24,21.5
0,0,0
5,30,20.666666666666668
8,25,18.0
8,22,15.0
21,32,26.5
6,35,20.5
12,12,12.0
7,30,19.666666666666668
3,32,12.75
28,42,35.166666666666664
8,40,22.2
7,39,21.833333333333332
10,13,11.5
0,45,18.666666666666668
12,53,32.5
1,50,29.5
22,22,22.0
6,36,20.0
14,18,16.0
17,26,21.5
9,59,26.0
10,29,16.333333333333332
11,43,25.75
12,44,23.4
3,26,14.75
14,46,26.0
0,9,4.5
4,29,12.333333333333334
33,45,39.0
9,18,12.666666666666666
46,46,46.0
0,0,0
10,70,28.0
7,25,14.666666666666666
4,48,22.333333333333332
17,17,17.0
0,21,9.0
0,0,0
6,50,19.285714285714285
2,10,6.0
1,14,7.5
19,19,19.0
12,24,20.2
31,41,36.0
32,65,48.5
0,0,0
23,56,38.333333333333336
14,21,17.5
11,36,19.333333333333332
17,25,21.0
5,23,17.0
17,23,19.666666666666668
11,34,25.75
9,9,9.0
14,33,23.5
4,4,4.0
8,24,16.0
7,65,33.75
2,54,21.2
12,12,12.0
7,10,8.5
15,47,27.5
35,35,35.0
30,30,30.0
6,6,6.0
7,7,7.0
5,51,21.333333333333332
4,19,8.5
5,30,19.333333333333332
4,41,20.666666666666668
7,54,26.833333333333332
18,18,18.0
6,34,17.8
14,14,14.0
13,29,20.2
3,54,24.0
17,19,18.0
6,43,23.0
11,46,33.0
13,51,25.6
20,54,37.0
4,58,25.5
3,38,15.25
10,26,17.0
8,40,20.75
8,10,9.0
13,23,18.0
27,36,32.333333333333336
13,40,24.75
20,41,30.5
2,25,13.666666666666666
30,36,33.0
10,25,17.333333333333332
8,53,30.5
15,53,29.6
25,35,30.333333333333332
13,25,20.0
1,1,1.0
21,23,22.0
11,54,29.75
9,17,13.0
14,19,16.5
13,45,25.571428571428573
2,31,17.0
2,39,14.4
7,44,21.0
4,35,20.666666666666668
6,36,19.25
7,17,12.25
30,30,30.0
19,56,37.0
9,23,16.666666666666668
0,18,9.0
0,38,16.5
19,32,23.666666666666668
16,16,16.0
14,42,28.25
9,29,20.0
0,0,0
2,30,16.0
19,33,27.2
11,26,18.0
50,50,50.0
3,14,8.5
0,30,14.4
41,41,41.0
1,63,25.333333333333332
19,19,19.0
56,56,56.0
12,34,22.666666666666668
7,39,25.333333333333332
25,26,25.5
0,24,10.0
13,20,16.5
12,31,20.666666666666668
2,2,2.0
2,31,17.5
16,45,27.0
10,42,24.5
12,53,32.25
5,32,13.2
12,30,21.0
31,31,31.0
20,20,20.0
3,38,17.0
20,36,28.75
24,28,26.0
20,29,24.5
0,24,12.0
0,0,0
4,22,13.0
13,13,13.0
28,32,30.0
5,29,14.8
0,0,0
21,32,27.333333333333332
8,41,24.5
29,45,37.0
7,41,20.333333333333332
35,35,35.0
12,12,12.0
17,40,28.5
19,19,19.0
7,53,33.75
14,23,18.5
1,25,13.2
3,14,8.5
16,31,23.5
2,42,21.0
20,44,31.75
8,21,12.666666666666666
6,59,35.0
11,52,32.0
6,37,16.4
27,27,27.0
46,46,46.0
14,26,18.333333333333332
10,59,30.4
0,42,15.0
18,42,29.333333333333332
6,17,11.25
20,29,26.0
7,79,30.0
23,28,25.0
10,43,18.5
11,44,30.0
35,39,37.0
15,43,30.666666666666668
2,10,6.0
25,41,34.666666666666664
10,13,11.5
6,38,22.0
5,55,25.666666666666668
24,26,25.0
12,50,29.0
17,33,25.0
2,27,13.0
2,52,19.6
0,23,9.666666666666666
10,29,19.5
2,33,9.8
12,27,18.0
0,58,20.2
27,27,27.0
8,34,16.4
21,57,39.0
9,13,11.333333333333334
48,48,48.0
7,22,15.333333333333334
0,0,0
18,59,43.333333333333336
16,77,46.5
22,33,27.5
22,29,25.5
18,31,24.5
0,44,19.166666666666668
16,19,17.5
5,64,27.666666666666668
13,44,26.0
14,19,16.5
8,29,18.0
13,22,18.333333333333332
1,24,12.5
3,14,8.5
8,40,24.0
0,9,4.5
18,51,34.5
7,25,17.666666666666668
0,41,22.333333333333332
8,22,15.0
0,9,4.5
1,27,12.25
8,28,16.333333333333332
20,20,20.0
45,45,45.0
15,25,20.0
44,44,44.0
14,50,32.0
4,34,17.857142857142858
3,16,9.666666666666666
6,31,15.333333333333334
2,26,16.25
3,51,24.666666666666668
6,24,14.666666666666666
11,49,26.5
10,26,18.0
2,57,27.0
5,61,30.75
7,33,15.75
8,43,27.333333333333332
6,53,20.25
48,48,48.0
11,57,27.4
3,35,19.0
10,39,24.833333333333332
3,53,28.5
7,29,14.666666666666666
0,0,0
25,25,25.0
17,31,22.0
17,37,29.0
13,26,19.666666666666668
14,42,28.0
4,14,10.0
8,26,17.0
5,18,11.5
9,9,9.0
11,17,13.8
12,58,29.333333333333332
21,37,27.0
10,71,32.666666666666664
1,48,24.5
14,23,19.4
21,27,24.0
0,0,0
13,31,22.8
0,0,0
20,24,22.0
16,21,18.333333333333332
4,23,13.0
0,0,0
8,73,40.5
7,25,16.0
2,28,17.333333333333332
3,21,9.25
0,39,13.0
14,22,19.0
1,1,1.0
9,20,14.75
0,0,0
21,54,31.2
21,22,21.5
14,35,19.8
12,42,25.25
7,20,15.2
13,27,20.0
7,40,18.2
7,20,12.333333333333334
9,9,9.0
8,23,15.666666666666666
5,16,10.5
8,29,19.0
7,7,7.0
2,33,17.166666666666668
3,39,15.25
2,15,8.666666666666666
4,30,13.666666666666666
6,29,19.666666666666668
4,56,30.0
5,27,15.0
5,24,14.5
8,29,18.8
12,30,21.0
4,11,7.5
11,31,21.0
6,36,16.333333333333332
19,30,25.333333333333332
4,45,17.5
9,9,9.0
17,29,23.0
5,27,14.5
0,22,11.0
7,19,14.8
4,26,15.0
15,15,15.0
5,20,12.5
7,28,17.666666666666668
9,9,9.0
0,0,0
5,18,12.666666666666666
7,7,7.0
11,49,30.0
7,26,15.2
15,17,16.0
13,32,22.5
8,35,21.5
16,16,16.0
19,21,20.0
7,19,13.0
14,21,18.0
13,22,16.25
16,16,16.0
5,42,20.5
8,34,20.5
8,30,21.0
26,34,30.0
6,17,10.0
18,22,19.666666666666668
7,29,15.0
11,32,24.75
8,42,23.75
7,15,11.0
13,32,23.4
19,29,24.0
10,27,18.5
22,26,24.0
7,12,9.75
3,26,14.0
14,26,19.333333333333332
11,51,23.0
1,29,16.0
6,38,24.0
11,29,19.333333333333332
6,28,13.2
20,30,25.0
5,28,17.25
2,6,4.0
5,16,10.5
17,18,17.5
0,24,11.333333333333334
7,27,17.0
10,10,10.0
16,25,20.5
18,40,29.0
1,45,15.8
6,20,13.75
22,27,24.5
2,31,14.333333333333334
10,10,10.0
0,39,21.25
19,19,19.0
19,30,24.5
9,17,12.333333333333334
20,46,33.0
9,9,9.0
0,0,0
25,45,35.0
4,52,21.8
23,23,23.0
17,51,34.0
1,3,2.0
8,45,18.75
16,23,19.5
5,26,16.666666666666668
2,35,12.6
0,0,0
2,48,19.666666666666668
10,43,27.666666666666668
4,16,10.0
0,34,20.25
27,46,32.666666666666664
13,30,20.333333333333332
10,33,23.6
7,32,21.75
2,28,15.0
4,27,12.0
4,4,4.0
14,39,25.75
38,38,38.0
5,28,13.75
27,42,34.5
17,39,28.0
36,36,36.0
8,34,24.0
10,12,11.0
3,26,11.5
15,33,23.6
3,69,36.0
11,26,20.0
11,41,24.0
14,31,25.333333333333332
26,26,26.0
3,11,7.0
9,29,20.0
17,51,34.0
5,19,12.0
4,53,31.0
17,42,29.5
0,31,19.75
26,31,28.5
6,37,20.75
8,46,21.666666666666668
6,6,6.0
3,28,15.333333333333334
21,26,23.0
39,39,39.0
3,28,13.666666666666666
29,29,29.0
4,31,17.5
13,38,26.833333333333332
11,24,17.25
21,26,23.5
0,0,0
5,11,8.0
8,28,16.25
15,15,15.0
14,20,16.666666666666668
20,36,28.0
53,53,53.0
12,49,30.5
11,31,21.0
8,37,18.666666666666668
42,42,42.0
9,55,32.0
49,49,49.0
11,50,26.2
22,44,30.0
9,25,18.0
3,70,28.666666666666668
16,24,20.0
15,38,26.5
10,35,20.0
11,21,16.333333333333332
4,60,34.333333333333336
4,60,24.4
4,27,12.333333333333334
8,25,16.5
10,40,25.666666666666668
7,27,17.0
14,41,26.0
1,69,21.0
9,30,20.8
22,49,33.5
9,39,24.0
41,41,41.0
6,13,9.5
9,17,14.0
0,0,0
23,51,34.5
9,25,15.0
2,44,21.714285714285715
7,9,8.0
27,35,31.0
4,8,6.0
7,27,19.6
14,26,20.0
0,34,17.142857142857142
19,35,28.666666666666668
7,28,17.25
22,37,28.0
8,25,15.25
4,15,9.5
10,56,29.5
25,25,25.0
7,66,28.0
8,9,8.5
31,35,33.0
12,32,21.5
14,30,19.333333333333332
15,43,30.0
21,25,23.0
5,42,15.6
8,28,17.8
8,46,23.666666666666668
13,13,13.0
10,42,26.0
6,6,6.0
11,40,25.333333333333332
4,33,20.0
15,15,15.0
13,47,28.333333333333332
9,37,23.75
15,23,19.0
5,43,24.25
11,17,14.333333333333334
5,47,34.25
26,29,27.5
13,58,30.6
6,6,6.0
9,33,20.75
14,14,14.0
17,40,25.5
0,27,13.5
12,27,18.2
2,21,9.0
18,18,18.0
2,16,8.4
11,23,17.0
4,52,22.6
0,0,0.0
5,15,11.333333333333334
22,48,32.25
9,31,20.0
17,32,24.666666666666668
11,16,13.5
1,52,22.625
20,21,20.5
8,53,29.0
6,24,15.333333333333334
23,39,29.0
16,37,28.4
2,11,5.75
8,56,30.75
17,35,26.0
35,35,35.0
6,49,27.0
37,37,37.0
21,38,29.5
2,39,23.333333333333332
9,33,17.833333333333332
0,0,0
11,11,11.0
18,50,34.0
34,34,34.0
11,20,15.5
4,33,19.25
7,35,20.666666666666668
16,16,16.0
13,20,16.0
3,32,14.666666666666666
0,6,3.0
11,36,22.25
6,31,18.5
35,35,35.0
9,26,17.5
19,26,22.5
9,22,15.5
32,56,44.0
13,22,18.0
5,22,15.0
16,19,17.666666666666668
29,32,31.0
16,42,26.75
11,23,17.0
11,23,17.0
11,11,11.0
2,38,14.166666666666666
7,44,20.25
14,51,30.0
5,25,14.666666666666666
5,18,13.333333333333334
11,18,14.5
9,34,17.4
14,44,29.0
18,18,18.0
28,28,28.0
7,21,12.75
26,26,26.0
13,28,18.833333333333332
24,24,24.0
0,24,13.5
14,25,19.5
9,33,21.25
5,19,12.0
11,29,20.0
0,0,0
16,39,26.0
16,19,17.666666666666668
6,24,13.333333333333334
5,18,10.0
3,16,9.4
0,0,0
8,61,36.666666666666664
7,37,22.333333333333332
18,42,31.666666666666668
1,42,21.5
2,18,10.0
13,49,31.0
7,19,12.333333333333334
10,24,17.0
20,35,27.5
3,30,12.0
15,48,35.666666666666664
0,0,0
14,30,21.25
5,15,8.75
0,0,0
4,28,16.0
20,22,21.0
27,36,31.5
1,51,21.5
8,27,17.8
3,20,11.0
12,20,16.5
27,33,30.0
8,21,15.666666666666666
9,26,17.75
12,12,12.0
17,47,29.75
12,24,18.0
5,34,18.0
21,42,32.333333333333336
3,20,11.5
0,31,16.75
20,20,20.0
14,38,26.0
27,27,27.0
18,43,32.666666666666664
23,31,27.0
19,21,20.0
14,50,26.5
11,33,22.0
13,35,21.666666666666668
20,30,25.0
14,14,14.0
11,31,20.0
15,38,24.0
8,30,19.0
0,31,15.0
0,0,0
33,33,33.0
5,25,17.0
8,33,23.333333333333332
13,31,23.0
6,57,26.0
23,32,28.75
2,2,2.0
5,43,24.0
29,29,29.0
1,22,14.2
14,31,24.333333333333332
22,45,30.6
21,32,27.5
2,63,24.5
27,27,27.0
29,47,38.0
11,37,25.666666666666668
11,67,22.571428571428573
34,34,34.0
11,22,17.0
0,0,0
24,30,27.333333333333332
18,30,22.333333333333332
3,41,18.8
19,31,26.666666666666668
21,44,31.0
16,40,29.0
4,18,11.0
6,39,22.5
22,42,32.0
16,31,21.0
29,29,29.0
13,52,32.5
2,39,20.5
22,36,28.25
1,1,1.0
9,50,27.8
0,0,0
7,29,19.333333333333332
7,51,20.6
13,36,26.0
23,30,26.5
12,28,16.75
13,44,29.666666666666668
22,69,41.666666666666664
1,30,15.5
11,23,17.0
15,28,19.0
2,35,18.666666666666668
20,67,35.5
16,29,21.2
12,25,16.8
20,20,20.0
30,30,30.0
4,20,11.75
9,33,17.5
18,72,40.75
16,16,16.0
5,29,20.0
8,69,34.75
5,35,13.75
13,46,25.4
7,38,23.75
22,25,23.5
4,30,19.666666666666668
11,15,13.0
2,36,19.0
27,55,35.6
14,26,20.333333333333332
22,22,22.0
0,0,0
11,52,27.2
0,0,0
12,39,29.333333333333332
8,36,20.666666666666668
28,31,29.333333333333332
16,29,24.333333333333332
13,62,29.4
10,18,14.0
22,28,24.666666666666668
21,41,30.5
0,14,7.0
20,43,30.25
7,55,29.166666666666668
32,43,35.666666666666664
21,31,27.0
36,38,37.0
3,36,16.666666666666668
13,35,27.666666666666668
8,8,8.0
3,34,24.285714285714285
20,32,26.0
9,30,15.5
41,43,42.0
6,23,14.333333333333334
21,38,29.5
6,24,16.4
13,36,26.666666666666668
4,30,16.6
3,39,24.2
7,24,17.333333333333332
10,10,10.0
8,24,16.666666666666668
39,39,39.0
11,30,18.333333333333332
12,30,19.333333333333332
4,29,16.5
10,14,12.0
32,32,32.0
1,25,13.5
22,42,34.666666666666664
11,27,20.0
2,41,26.8
17,23,20.0
4,61,26.5
14,27,21.6
5,5,5.0
0,21,7.25
1,39,14.333333333333334
18,26,23.0
5,33,21.5
13,18,15.5
18,22,20.0
16,16,16.0
13,53,33.0
2,30,14.25
17,50,30.333333333333332
12,64,32.666666666666664
27,27,27.0
5,39,16.6
37,49,43.0
5,33,19.571428571428573
6,45,31.0
11,37,23.0
8,15,11.5
4,26,15.25
5,28,14.333333333333334
9,28,18.5
8,8,8.0
12,62,27.166666666666668
10,31,21.0
10,19,14.0
13,65,38.666666666666664
14,36,24.666666666666668
7,29,15.25
10,39,20.333333333333332
5,19,12.0
10,22,14.25
2,43,22.0
16,16,16.0
2,33,15.4
2,67,24.4
17,24,20.666666666666668
0,0,0
4,21,12.5
12,54,27.333333333333332
3,14,8.5
6,24,15.0
24,35,29.5
0,11,6.75
5,23,14.0
9,12,10.5
0,32,14.2
12,12,12.0
2,64,21.0
0,0,0
12,37,26.166666666666668
9,9,9.0
7,22,13.8
12,41,22.25
3,17,12.0
11,37,24.0
16,41,25.0
18,22,20.0
7,27,17.8
19,38,27.666666666666668
2,3,2.5
11,40,23.0
5,19,12.0
6,18,10.25
9,16,12.5
19,55,37.0
15,33,23.666666666666668
1,35,20.75
17,30,23.5
7,50,28.5
7,59,33.0
1,30,15.5
17,33,25.0
7,34,16.666666666666668
8,43,20.666666666666668
13,29,21.5
2,40,13.5
9,20,13.333333333333334
17,34,22.857142857142858
10,39,24.5
0,41,16.0
3,49,21.0
11,11,11.0
21,21,21.0
18,18,18.0
16,46,31.0
0,0,0
33,33,33.0
0,20,10.0
26,26,26.0
6,10,8.0
13,53,27.333333333333332
4,48,19.0
12,12,12.0
7,7,7.0
5,16,9.0
16,32,24.0
3,24,13.25
0,26,11.666666666666666
1,36,25.333333333333332
5,33,11.8
9,38,23.5
9,31,15.25
16,50,28.0
11,21,16.0
2,16,7.5
24,24,24.0
32,32,32.0
4,27,15.5
4,35,18.0
10,10,10.0
21,21,21.0
8,34,23.333333333333332
0,0,0
2,28,15.833333333333334
31,31,31.0
3,19,13.25
0,30,13.4
12,42,28.0
24,29,26.5
7,24,15.6
7,22,14.5
17,46,26.8
1,1,1.0
4,18,10.4
13,20,15.75
20,29,24.0
1,25,12.0
23,30,26.333333333333332
3,34,17.166666666666668
34,37,35.5
9,16,13.25
16,39,29.4
11,16,13.5
3,3,3.0
5,26,12.333333333333334
10,22,16.0
4,18,11.0
5,25,17.5
2,17,11.333333333333334
5,47,23.4
11,12,11.5
0,0,0
3,13,7.666666666666667
28,35,32.666666666666664
0,25,12.5
14,28,19.666666666666668
35,35,35.0
0,20,11.0
0,0,0
15,26,22.0
3,48,19.0
24,43,33.5
24,24,24.0
15,24,19.666666666666668
10,10,10.0
27,27,27.0
1,52,25.333333333333332
10,38,26.75
15,32,19.75
0,0,0
9,33,17.333333333333332
5,22,13.5
2,50,26.0
4,18,9.25
55,55,55.0
7,25,14.2
23,23,23.0
8,45,21.0
3,7,4.5
21,45,33.0
4,38,17.25
0,0,0
8,37,18.285714285714285
15,15,15.0
8,23,13.5
25,25,25.0
3,19,11.333333333333334
0,17,8.5
3,22,12.25
9,9,9.0
6,39,24.4
12,39,25.5
9,9,9.0
27,51,36.25
6,10,8.0
9,10,9.5
3,6,4.5
16,18,17.0
6,17,12.333333333333334
9,21,15.333333333333334
12,17,14.333333333333334
5,26,15.5
5,26,15.2
5,15,9.0
14,27,19.0
5,40,20.666666666666668
0,0,0
4,53,20.666666666666668
12,16,14.0
35,35,35.0
12,12,12.0
13,27,20.0
3,18,10.0
18,18,18.0
4,4,4.0
4,11,7.333333333333333
10,27,17.333333333333332
10,42,23.0
6,28,17.0
2,38,12.0
4,4,4.0
8,15,11.333333333333334
4,22,15.666666666666666
3,40,19.4
16,21,18.5
5,35,15.25
4,4,4.0
8,18,12.6
3,13,9.333333333333334
21,21,21.0
8,19,15.8
4,12,8.0
5,45,16.8
17,17,17.0
2,24,14.333333333333334
23,24,23.5
6,27,17.666666666666668
16,18,17.0
8,29,18.5
3,15,9.0
16,16,16.0
4,30,15.75
0,13,7.6
19,29,23.666666666666668
13,26,19.5
2,28,12.0
19,19,19.0
21,21,21.0
6,52,21.666666666666668
9,27,17.0
28,28,28.0
6,37,18.666666666666668
4,4,4.0
9,20,14.5
4,13,8.5
40,40,40.0
14,14,14.0
12,19,15.5
4,20,12.0
9,39,20.25
5,6,5.5
9,15,12.0
0,0,0
17,18,17.5
22,33,27.333333333333332
20,25,22.0
17,17,17.0
15,31,23.0
5,16,11.666666666666666
3,28,12.428571428571429
4,6,5.0
2,20,11.75
10,35,22.5
0,0,0
4,22,10.25
4,33,18.5
2,33,16.0
0,16,6.666666666666667
1,18,9.5
5,17,12.333333333333334
7,7,7.0
25,25,25.0
4,12,8.666666666666666
5,32,18.5
4,22,11.4
9,23,14.25
4,16,8.0
10,30,20.0
11,22,15.666666666666666
8,14,11.0
10,14,12.0
1,13,8.5
21,21,21.0
5,21,14.25
0,0,0
5,12,8.5
16,26,21.0
21,21,21.0
2,16,8.75
24,24,24.0
2,24,10.666666666666666
0,8,4.0
7,29,16.333333333333332
11,26,16.5
2,9,6.333333333333333
4,28,16.333333333333332
9,9,9.0
1,1,1.0
2,35,14.666666666666666
0,11,5.333333333333333
0,0,0
7,7,7.0
7,17,12.0
10,10,10.0
14,22,18.0
5,18,12.666666666666666
5,7,6.0
1,8,4.5
0,20,11.333333333333334
3,14,8.5
8,8,8.0
5,8,6.5
2,28,12.666666666666666
8,27,16.75
0,0,0
11,34,19.25
10,10,10.0
1,30,14.5
4,8,6.0
3,34,17.0
12,29,20.5
0,0,0
9,17,11.8
4,4,4.0
2,15,7.5
27,27,27.0
2,34,20.666666666666668
8,22,12.666666666666666
20,20,20.0
5,23,14.333333333333334
14,23,17.75
27,27,27.0
15,24,19.5
6,9,7.5
2,10,6.0
3,37,15.333333333333334
7,10,8.5
6,11,7.75
22,31,26.5
12,34,23.0
7,17,13.333333333333334
0,0,0
8,20,15.333333333333334
7,14,10.5
8,29,19.25
12,15,13.5
10,39,24.5
16,23,19.5
0,30,18.5
5,33,15.75
4,14,10.0
13,26,18.0
1,1,1.0
9,22,16.5
9,21,15.0
12,31,20.0
9,22,15.666666666666666
6,17,10.0
6,17,11.5
35,35,35.0
5,24,14.0
8,11,9.5
5,27,17.25
3,25,15.666666666666666
0,28,16.6
21,25,23.0
13,23,19.333333333333332
1,25,14.0
9,29,18.75
6,19,12.333333333333334
21,35,25.666666666666668
8,9,8.5
18,18,18.0
8,25,17.75
8,23,14.666666666666666
17,17,17.0
5,31,16.666666666666668
15,30,20.666666666666668
10,20,15.0
7,19,13.0
2,18,10.0
8,24,18.666666666666668
7,22,16.0
5,11,8.0
0,0,0
15,37,26.0
18,18,18.0
9,9,9.0
2,12,8.333333333333334
9,24,16.5
9,12,10.5
6,19,12.5
45,45,45.0
9,14,11.5
0,0,0
6,35,15.75
6,49,33.666666666666664
9,17,12.25
0,0,0
10,40,23.25
0,0,0
9,22,17.0
8,26,15.333333333333334
10,38,25.333333333333332
14,16,15.0
21,21,21.0
14,24,19.0
14,20,17.0
1,14,7.666666666666667
0,9,5.5
11,16,14.0
0,54,27.0
0,24,11.333333333333334
9,12,10.5
5,26,19.25
15,30,20.333333333333332
0,14,9.5
7,33,17.666666666666668
2,17,7.0
3,35,25.25
0,0,0
1,3,2.0
11,38,26.5
10,38,19.666666666666668
23,37,30.0
7,41,18.75
7,24,16.6
4,42,23.0
5,20,10.25
3,42,21.333333333333332
18,38,28.0
2,40,17.333333333333332
18,18,18.0
12,29,20.666666666666668
8,27,18.0
1,18,7.5
7,42,20.5
51,51,51.0
16,29,21.666666666666668
14,47,22.4
13,28,20.666666666666668
26,52,39.0
16,22,19.333333333333332
2,23,11.0
15,15,15.0
9,13,11.333333333333334
12,28,17.0
49,49,49.0
7,33,17.25
6,61,26.8
15,17,16.0
4,42,18.0
28,59,39.666666666666664
4,38,16.75
39,39,39.0
29,29,29.0
20,45,30.0
8,29,19.0
0,0,0
15,35,23.333333333333332
5,16,9.333333333333334
25,25,25.0
8,29,19.0
9,20,12.666666666666666
9,23,15.2
18,24,20.0
16,34,25.0
3,11,7.0
1,26,16.0
10,20,15.0
16,31,23.5
11,11,11.0
4,35,19.5
27,56,41.5
13,13,13.0
5,51,28.0
9,27,18.0
26,57,39.333333333333336
14,19,17.0
0,0,0
2,67,34.0
36,36,36.0
8,41,25.333333333333332
4,13,8.0
14,62,34.2
43,43,43.0
12,29,22.333333333333332
0,0,0
7,37,28.0
18,37,26.0
2,11,6.5
7,50,28.5
2,33,17.5
38,38,38.0
2,10,6.333333333333333
15,15,15.0
36,36,36.0
2,14,8.8
33,33,33.0
5,22,13.0
8,61,34.5
1,34,16.6
4,7,5.5
20,27,23.5
10,27,17.666666666666668
10,53,31.5
11,17,14.333333333333334
15,30,20.2
0,34,21.75
13,13,13.0
13,24,18.5
1,59,25.5
5,47,29.333333333333332
20,20,20.0
10,34,18.666666666666668
11,20,14.333333333333334
9,33,19.0
16,23,19.5
0,0,0
8,27,17.5
0,0,0
7,75,30.77777777777778
2,47,24.5
3,42,23.25
0,0,0
0,22,11.333333333333334
11,38,24.5
7,7,7.0
0,72,25.25
10,15,12.5
3,36,19.5
40,40,40.0
11,33,17.4
0,0,0
6,33,17.0
8,18,13.0
4,51,32.333333333333336
0,0,0
6,36,19.2
9,23,16.0
2,19,11.75
5,24,12.5
8,24,16.0
8,31,16.333333333333332
8,25,14.0
8,58,30.0
3,67,32.2
13,25,19.5
20,27,22.333333333333332
16,19,17.333333333333332
16,28,22.0
10,43,25.5
11,42,27.666666666666668
5,44,19.833333333333332
19,19,19.0
0,0,0
13,51,24.8
0,0,0
13,41,27.0
18,23,20.5
8,53,30.5
8,18,14.333333333333334
0,0,0
17,17,17.0
12,54,27.4
3,29,16.0
16,32,24.0
3,52,23.0
7,24,15.5
12,12,12.0
10,17,13.5
8,28,17.666666666666668
23,53,38.0
23,23,23.0
15,24,19.5
14,31,21.0
0,0,0
5,16,9.0
0,0,0
5,18,12.0
1,4,2.5
20,49,35.75
10,10,10.0
14,32,24.333333333333332
38,38,38.0
4,29,15.0
12,47,22.75
11,32,19.6
10,21,15.0
3,9,6.0
9,49,28.0
22,65,43.5
5,17,11.0
11,66,26.0
0,0,0
12,27,18.333333333333332
19,36,27.5
21,21,21.0
0,25,11.5
4,31,11.8
28,28,28.0
5,31,22.25
3,25,14.0
6,28,13.666666666666666
10,20,15.0
4,4,4.0
5,36,12.6
40,40,40.0
19,37,29.0
5,11,8.0
22,30,27.333333333333332
5,14,9.5
44,44,44.0
11,45,23.333333333333332
0,22,13.333333333333334
8,44,31.25
5,28,14.0
2,38,17.0
13,41,28.0
17,17,17.0
21,28,23.333333333333332
8,52,25.0
2,41,13.0
0,0,0
0,25,10.666666666666666
6,6,6.0
0,0,0
18,29,23.5
6,24,11.0
17,17,17.0
6,16,11.0
2,12,7.0
2,7,4.5
1,43,15.0
4,27,12.666666666666666
8,10,9.0
3,71,29.0
13,24,17.5
9,20,14.5
4,14,8.0
11,44,27.5
23,49,36.0
9,34,19.5
2,26,14.333333333333334
0,0,0
8,67,28.333333333333332
14,17,16.0
22,22,22.0
7,30,18.5
10,39,20.25
4,31,16.333333333333332
13,66,39.5
0,0,0
18,34,26.0
8,31,20.666666666666668
26,35,30.5
15,18,16.333333333333332
8,13,10.5
14,19,15.6
12,29,23.25
12,12,12.0
15,21,18.666666666666668
7,31,15.5
0,0,0
1,14,7.5
14,17,15.333333333333334
18,18,18.0
0,0,0
2,11,6.666666666666667
8,27,14.333333333333334
0,0,0
7,45,19.666666666666668
25,25,25.0
0,17,7.0
8,19,14.0
0,0,0
0,53,12.833333333333334
3,19,13.666666666666666
2,35,19.666666666666668
9,36,17.75
4,10,8.0
7,30,16.5
4,31,22.2
2,19,11.25
4,47,18.666666666666668
7,34,16.333333333333332
5,26,13.0
31,31,31.0
5,45,18.5
8,35,20.75
5,33,15.75
7,80,28.4
0,0,0
11,37,23.666666666666668
10,24,19.333333333333332
13,32,19.8
44,44,44.0
7,32,14.25
5,6,5.5
7,18,11.666666666666666
25,30,27.5
7,27,17.0
0,0,0
11,41,20.0
24,51,37.5
1,36,18.2
14,36,25.0
26,26,26.0
7,34,20.5
8,24,16.0
2,12,7.666666666666667
8,8,8.0
1,38,12.0
0,0,0
24,70,39.5
22,37,29.0
1,26,14.5
20,26,23.0
24,25,24.5
4,4,4.0
22,22,22.0
36,42,39.0
17,17,17.0
8,8,8.0
6,47,18.75
0,12,5.666666666666667
11,11,11.0
2,14,8.0
3,16,7.666666666666667
3,19,9.333333333333334
0,0,0
7,47,20.833333333333332
3,3,3.0
16,27,20.25
5,28,17.4
11,11,11.0
7,17,12.666666666666666
5,34,14.6
5,10,7.0
5,44,22.666666666666668
51,51,51.0
11,29,17.333333333333332
19,43,30.4
17,33,23.333333333333332
8,22,13.833333333333334
0,66,28.0
11,40,25.5
0,0,0
7,34,16.714285714285715
8,24,15.666666666666666
8,24,17.75
4,34,18.2
0,0,0
7,47,26.5
0,17,8.5
2,41,21.0
10,10,10.0
13,29,21.0
5,12,8.5
0,0,0
2,24,16.75
0,0,0
77,77,77.0
7,34,18.0
4,33,15.25
11,46,29.0
5,26,17.0
6,14,10.0
13,29,18.25
8,8,8.0
3,3,3.0
9,58,28.5
1,27,12.666666666666666
0,38,16.666666666666668
13,45,28.333333333333332
1,36,18.25
27,36,30.666666666666668
0,9,4.5
13,13,13.0
11,26,18.5
9,24,16.5
4,42,21.0
12,12,12.0
3,31,12.666666666666666
15,38,26.5
31,31,31.0
9,49,26.333333333333332
8,19,13.666666666666666
1,17,9.0
11,14,12.5
0,0,0
7,47,26.833333333333332
10,25,17.5
0,22,11.666666666666666
3,40,17.0
6,50,29.8
11,32,21.5
21,21,21.0
26,38,31.0
1,31,15.0
12,36,20.0
7,30,21.0
17,43,25.666666666666668
3,27,14.8
16,16,16.0
3,39,23.5
1,32,16.5
3,28,11.2
21,24,22.5
8,43,26.0
56,56,56.0
12,32,21.0
13,46,29.5
13,41,23.666666666666668
21,28,24.5
15,20,18.0
7,9,8.0
5,27,19.0
6,49,27.0
10,10,10.0
11,30,18.0
5,5,5.0
6,12,9.5
13,38,22.2
24,51,37.5
8,33,17.666666666666668
16,29,22.5
9,20,14.5
2,24,10.4
3,23,11.666666666666666
3,25,11.666666666666666
32,32,32.0
19,55,37.0
17,41,29.0
4,45,24.0
0,0,0
27,27,27.0
20,20,20.0
14,23,17.333333333333332
12,23,18.333333333333332
18,34,26.0
10,14,12.0
3,22,12.5
24,24,24.0
5,13,9.0
9,41,22.75
8,8,8.0
7,28,16.25
14,14,14.0
8,28,17.5
7,7,7.0
2,8,4.666666666666667
6,15,10.5
10,10,10.0
3,20,11.0
12,27,19.666666666666668
12,27,19.5
31,76,53.5
12,26,17.0
12,16,14.0
4,27,13.75
2,15,8.5
5,5,5.0
8,17,11.666666666666666
6,47,24.333333333333332
3,25,14.0
4,12,7.333333333333333
14,22,18.0
2,20,13.333333333333334
21,29,25.0
4,24,17.0
19,30,23.666666666666668
12,18,14.333333333333334
23,23,23.0
10,32,23.0
10,25,17.25
3,43,23.0
5,21,13.0
19,28,23.5
1,34,16.6
14,21,17.5
18,42,30.0
5,22,12.5
4,25,18.0
29,32,30.5
8,22,15.0
1,35,17.0
2,31,19.25
13,13,13.0
3,37,16.333333333333332
5,26,13.333333333333334
20,21,20.5
11,25,18.0
3,42,22.5
6,47,22.75
14,38,26.0
34,34,34.0
4,21,12.0
12,15,13.5
16,38,24.75
4,16,10.0
10,29,21.0
12,17,14.5
6,31,20.75
4,12,8.0
25,43,31.666666666666668
4,15,11.8
9,20,15.333333333333334
0,24,12.666666666666666
4,11,7.5
12,12,12.0
1,30,19.0
18,27,22.333333333333332
0,0,0
2,33,19.0
6,40,23.0
16,16,16.0
7,7,7.0
17,25,20.0
0,0,0
8,20,14.0
11,31,23.0
4,24,10.0
14,21,16.333333333333332
12,21,16.0
0,0,0
8,17,12.5
12,20,16.0
7,10,8.5
12,25,16.666666666666668
6,24,13.333333333333334
10,10,10.0
5,5,5.0
16,24,19.666666666666668
1,20,9.333333333333334
27,27,27.0
6,31,17.0
7,21,14.0
7,34,19.0
16,16,16.0
2,16,9.0
0,29,12.5
4,27,15.0
13,22,17.5
5,20,12.5
4,17,10.666666666666666
19,22,20.333333333333332
11,11,11.0
5,13,8.666666666666666
3,9,6.0
13,13,13.0
15,18,16.5
18,27,22.5
15,20,17.5
6,30,18.0
16,26,20.75
4,11,7.333333333333333
8,24,14.0
15,20,17.5
10,28,18.75
9,17,13.0
5,15,10.0
0,0,0
11,38,22.25
6,34,20.75
10,24,14.666666666666666
5,17,12.6
0,21,8.333333333333334
8,28,21.333333333333332
29,29,29.0
2,27,16.0
4,8,6.0
3,25,14.4
3,26,15.0
10,27,19.166666666666668
23,23,23.0
11,17,15.0
14,14,14.0
6,14,9.666666666666666
4,9,6.5
17,31,24.0
29,29,29.0
12,32,22.4
19,20,19.5
18,30,24.0
1,30,10.25
28,30,29.0
27,27,27.0
7,19,12.666666666666666
20,37,28.5
2,21,11.5
15,31,23.0
8,22,17.333333333333332
12,19,16.0
3,18,10.5
3,13,7.666666666666667
24,38,29.0
11,21,16.0
0,0,0
15,30,22.0
0,0,0
14,32,21.333333333333332
19,19,19.0
3,25,15.0
5,19,12.0
9,29,21.25
0,19,8.285714285714286
28,28,28.0
11,28,19.0
2,15,8.0
23,23,23.0
3,22,13.6
35,35,35.0
10,12,11.0
17,21,19.0
2,28,16.714285714285715
13,14,13.5
0,25,15.0
2,47,21.6
15,35,25.0
1,27,10.25
8,42,24.333333333333332
9,49,23.333333333333332
0,0,0
6,20,14.0
14,28,19.8
20,23,21.5
16,23,19.333333333333332
9,13,11.0
32,32,32.0
9,32,18.0
0,0,0
13,34,21.6
10,29,19.25
9,20,14.5
10,16,13.0
10,31,20.5
20,35,27.666666666666668
15,26,21.0
14,20,16.5
19,25,22.0
8,21,14.5
0,0,0
4,27,13.25
4,17,11.0
3,16,9.666666666666666
7,30,20.25
15,23,19.0
7,23,19.2
10,25,17.5
3,27,15.0
7,18,12.333333333333334
4,30,14.25
10,32,21.0
10,36,22.5
9,9,9.0
0,23,11.5
17,29,21.666666666666668
6,27,15.0
27,29,28.0
18,18,18.0
7,35,16.6
16,19,17.5
18,18,18.0
2,24,14.25
19,37,28.333333333333332
10,15,12.0
5,12,8.5
28,31,29.5
14,32,24.666666666666668
8,44,23.0
14,35,26.666666666666668
7,37,21.75
24,35,29.5
2,19,11.666666666666666
27,27,27.0
3,33,14.5
19,19,19.0
8,39,21.25
2,32,18.833333333333332
15,30,22.666666666666668
8,28,16.0
7,24,18.0
12,39,26.2
30,35,32.5
4,24,10.5
19,35,27.666666666666668
6,44,17.5
21,29,25.0
3,19,11.5
27,45,34.666666666666664
4,36,18.6
18,29,22.333333333333332
41,41,41.0
8,43,26.285714285714285
5,26,15.5
1,17,11.333333333333334
16,22,19.0
14,26,20.5
8,35,18.6
14,33,23.5
20,46,33.0
16,19,17.5
4,25,15.666666666666666
1,28,13.5
7,31,19.0
8,42,21.25
17,30,22.0
26,28,27.0
0,34,17.8
3,10,6.5
9,19,14.75
0,0,0
27,28,27.5
7,26,16.5
0,24,14.333333333333334
37,37,37.0
9,24,16.5
5,5,5.0
10,48,28.4
15,19,17.0
0,0,0
11,20,14.333333333333334
8,35,21.75
6,29,16.5
11,33,19.333333333333332
15,43,29.0
40,40,40.0
19,26,21.666666666666668
18,23,21.0
30,32,31.0
12,42,21.8
6,6,6.0
5,60,29.2
24,24,24.0
17,50,30.75
10,26,17.75
3,43,22.75
0,0,0
5,55,28.0
7,27,15.5
10,24,18.0
14,25,19.5
6,30,18.0
15,15,15.0
9,20,14.5
22,31,26.5
31,45,38.25
8,8,8.0
19,26,23.0
0,0,0
2,28,15.666666666666666
55,55,55.0
33,34,33.5
14,42,23.25
19,19,19.0
2,49,19.75
34,47,38.666666666666664
19,38,25.333333333333332
4,33,15.666666666666666
34,34,34.0
11,20,16.0
11,31,17.75
12,23,18.75
2,35,19.666666666666668
6,52,24.666666666666668
3,50,22.0
6,41,18.8
1,8,4.5
20,20,20.0
18,18,18.0
10,39,23.0
21,37,30.75
12,28,17.0
14,18,15.75
10,39,28.666666666666668
11,62,36.0
2,25,17.2
10,10,10.0
0,0,0.0
10,57,28.4
34,34,34.0
7,32,16.0
4,42,18.4
21,21,21.0
10,64,24.75
29,43,36.0
5,25,16.75
9,29,21.75
6,14,10.666666666666666
9,30,17.75
21,79,50.0
5,30,20.0
15,25,20.0
17,61,39.0
14,14,14.0
4,10,7.0
23,35,28.666666666666668
14,26,20.0
5,35,19.5
17,49,30.333333333333332
28,28,28.0
8,47,25.166666666666668
2,40,13.0
6,32,24.4
0,0,0
3,52,18.666666666666668
15,15,15.0
26,46,35.25
18,40,29.0
7,32,19.75
8,21,12.333333333333334
12,14,13.0
7,22,14.5
4,34,20.75
3,16,9.5
13,13,13.0
5,17,12.666666666666666
17,34,25.5
3,28,17.5
31,33,32.0
5,19,12.0
11,20,15.5
6,36,17.5
0,0,0
7,38,25.666666666666668
18,28,22.75
6,27,14.6
25,45,37.333333333333336
12,50,24.8
33,33,33.0
13,18,15.5
0,61,25.666666666666668
0,24,15.0
16,44,25.666666666666668
17,17,17.0
7,30,15.333333333333334
18,46,27.75
15,54,28.25
11,21,17.333333333333332
19,38,27.0
21,65,33.25
17,17,17.0
56,56,56.0
14,29,20.2
20,21,20.5
15,28,20.75
19,28,22.333333333333332
7,16,11.5
7,19,13.0
13,13,13.0
1,32,15.666666666666666
3,28,16.25
14,34,27.0
21,27,24.0
3,45,28.0
9,26,19.75
36,36,36.0
4,39,23.75
7,19,12.333333333333334
8,33,18.4
9,18,13.5
2,36,22.666666666666668
0,13,7.0
5,32,19.333333333333332
5,37,17.2
12,12,12.0
4,33,18.5
16,42,27.0
29,35,32.0
8,12,10.0
7,35,18.666666666666668
19,32,25.5
15,34,23.333333333333332
3,15,9.4
9,20,14.5
0,13,9.5
5,39,22.0
1,35,18.0
15,44,24.75
9,19,12.333333333333334
4,4,4.0
13,13,13.0
3,27,17.0
2,18,9.0
6,37,16.5
20,20,20.0
5,46,27.333333333333332
7,33,16.666666666666668
2,29,16.333333333333332
30,48,39.0
34,34,34.0
21,40,32.5
56,56,56.0
8,37,18.166666666666668
17,45,31.0
2,17,11.5
9,17,12.666666666666666
11,11,11.0
12,12,12.0
2,15,8.5
2,53,21.75
0,0,0
3,11,7.0
8,19,13.5
9,31,18.75
1,7,4.0
18,45,27.5
0,0,0
15,28,22.0
7,21,14.0
6,30,20.5
6,42,24.0
21,29,26.75
0,0,0
1,30,15.333333333333334
2,27,14.0
14,34,24.75
6,10,8.0
16,39,25.0
4,23,15.0
2,16,9.0
2,2,2.0
2,32,13.333333333333334
8,41,21.5
6,22,13.5
12,15,13.5
1,30,17.833333333333332
3,49,27.8
6,29,18.0
1,15,10.25
12,33,22.2
0,17,8.5
2,2,2.0
11,33,21.2
57,57,57.0
10,12,11.0
0,49,21.0
5,8,6.5
14,32,21.8
19,27,23.0
6,24,18.0
16,26,20.0
4,34,16.666666666666668
16,18,17.0
11,42,28.333333333333332
7,23,15.0
7,45,24.5
1,25,13.0
15,43,29.0
18,43,28.75
2,8,5.0
20,38,30.75
0,0,0
26,41,33.5
11,15,12.666666666666666
9,43,22.666666666666668
16,16,16.0
8,39,16.5
0,42,14.833333333333334
0,0,0
9,34,21.166666666666668
16,38,27.0
27,45,37.333333333333336
36,36,36.0
1,19,11.0
9,9,9.0
21,51,36.0
0,0,0
13,35,24.75
7,7,7.0
19,23,21.0
8,34,18.0
6,40,18.0
4,47,25.75
8,8,8.0
11,40,22.2
0,45,18.333333333333332
18,32,25.4
5,23,12.666666666666666
0,0,0
12,40,24.6
3,26,13.5
29,29,29.0
8,34,26.2
6,47,20.0
23,23,23.0
15,20,17.5
3,56,26.25
25,50,37.5
4,52,17.25
10,30,20.0
12,31,24.333333333333332
3,12,7.5
4,55,28.333333333333332
8,23,15.5
6,41,27.25
4,17,11.0
48,48,48.0
11,34,18.5
8,39,23.666666666666668
5,50,20.5
3,25,15.0
22,33,27.5
2,21,12.25
20,30,25.0
52,52,52.0
5,38,24.0
0,0,0
7,35,20.0
21,21,21.0
7,46,26.5
5,9,7.0
9,60,27.2
21,53,39.666666666666664
13,24,18.5
19,42,32.0
12,53,32.0
22,22,22.0
4,34,18.2
15,50,34.333333333333336
4,22,13.666666666666666
1,23,12.5
18,18,18.0
49,55,52.0
9,26,17.5
8,40,24.0
28,28,28.0
10,10,10.0
4,4,4.0
4,19,11.5
33,33,33.0
3,67,27.285714285714285
14,14,14.0
6,37,19.5
18,39,30.0
5,43,23.0
24,35,29.0
19,48,32.333333333333336
10,25,17.5
10,12,11.0
8,10,9.0
29,77,59.75
0,0,0
8,39,21.333333333333332
2,37,21.333333333333332
11,26,16.333333333333332
1,47,24.0
0,0,0
7,15,12.25
14,59,31.4
15,22,18.5
9,9,9.0
46,46,46.0
16,49,29.333333333333332
8,8,8.0
25,42,33.5
16,25,20.5
0,19,9.666666666666666
15,47,29.75
1,24,10.666666666666666
22,40,31.0
7,7,7.0
3,46,22.666666666666668
12,31,21.2
5,33,21.333333333333332
27,27,27.0
9,58,24.5
12,30,23.0
3,18,11.0
7,7,7.0
22,58,41.0
4,12,8.0
3,27,12.0
8,19,12.333333333333334
1,8,4.5
26,59,39.333333333333336
10,13,11.5
23,23,23.0
6,6,6.0
0,19,11.666666666666666
4,41,19.0
4,29,14.0
6,27,16.5
0,76,23.125
2,23,12.0
14,35,21.833333333333332
10,31,21.0
5,68,34.57142857142857
26,26,26.0
1,19,10.0
13,19,16.333333333333332
21,32,25.666666666666668
10,10,10.0
5,52,23.5
8,40,23.4
15,46,24.25
6,25,16.166666666666668
22,22,22.0
5,43,26.6
12,53,27.0
7,34,16.0
8,8,8.0
3,69,23.0
18,26,22.0
14,29,21.5
10,14,12.0
4,32,13.333333333333334
1,24,12.75
18,18,18.0
9,65,33.8
0,4,2.0
7,25,14.333333333333334
19,24,21.5
12,31,21.666666666666668
0,5,2.5
2,32,17.75
38,39,38.5
5,25,15.666666666666666
15,41,28.333333333333332
1,70,17.625
10,45,22.2
11,29,18.0
47,47,47.0
0,68,34.25
27,44,35.5
7,31,13.5
0,42,28.0
0,45,17.5
4,4,4.0
4,24,17.75
11,37,28.25
1,2,1.5
18,27,22.5
1,12,6.25
0,0,0
24,24,24.0
0,0,0
5,52,24.666666666666668
16,21,18.5
8,58,23.714285714285715
18,61,34.333333333333336
0,0,0.0
13,36,23.333333333333332
10,71,31.333333333333332
10,69,29.25
0,41,16.75
39,39,39.0
35,64,49.5
12,52,24.6
9,18,13.5
7,50,24.5
1,21,9.666666666666666
16,62,36.333333333333336
32,32,32.0
8,8,8.0
6,21,12.666666666666666
2,3,2.5
6,6,6.0
8,79,34.2
9,55,32.0
5,42,30.0
15,36,25.0
8,43,24.4
11,41,27.333333333333332
4,6,5.0
2,19,10.333333333333334
3,7,5.0
2,14,8.666666666666666
12,36,25.0
0,0,0
9,42,25.0
39,39,39.0
8,29,18.0
8,47,23.5
9,33,22.666666666666668
2,44,21.333333333333332
16,30,23.0
13,52,32.25
14,60,35.333333333333336
14,50,32.75
13,40,26.5
7,68,29.666666666666668
34,34,34.0
14,57,29.0
0,0,0
2,36,20.333333333333332
10,34,23.666666666666668
17,17,17.0
14,41,25.25
9,34,25.0
10,14,12.0
13,20,16.5
3,35,18.0
6,41,26.0
12,60,36.0
7,70,33.8
8,9,8.5
35,72,48.333333333333336
9,22,15.666666666666666
8,9,8.5
57,57,57.0
8,29,15.6
16,21,18.5
7,70,31.5
11,12,11.333333333333334
6,37,18.2
32,32,32.0
11,36,18.333333333333332
7,20,15.0
3,14,8.5
6,27,18.333333333333332
20,30,25.0
15,24,20.25
11,41,26.0
6,41,17.833333333333332
9,9,9.0
4,28,11.6
8,8,8.0
1,52,17.0
3,14,10.333333333333334
4,26,12.0
15,42,27.0
5,13,9.0
3,16,11.666666666666666
0,0,0
1,29,19.5
6,17,11.5
10,40,24.0
14,43,24.0
11,11,11.0
2,51,16.0
22,47,32.666666666666664
20,25,22.5
17,63,33.75
15,27,18.5
34,34,34.0
11,20,15.0
1,21,11.0
5,33,15.75
16,32,21.666666666666668
10,31,17.666666666666668
8,10,9.0
4,21,9.5
2,20,10.666666666666666
5,40,20.333333333333332
16,24,20.0
0,34,18.6
4,52,28.0
6,6,6.0
4,26,15.0
8,24,13.4
6,27,16.5
1,23,8.4
20,46,31.666666666666668
13,24,18.5
44,44,44.0
2,80,32.333333333333336
2,32,13.666666666666666
22,22,22.0
5,10,7.0
8,40,18.25
2,30,13.2
0,0,0
13,66,30.8
11,11,11.0
10,22,17.333333333333332
1,46,20.75
6,9,8.0
6,28,13.75
11,27,19.0
6,26,16.0
0,0,0
7,17,13.166666666666666
6,24,14.666666666666666
14,29,20.0
0,2,1.0
20,21,20.5
3,3,3.0
13,13,13.0
12,20,16.333333333333332
3,32,20.0
9,26,17.5
18,18,18.0
0,0,0
4,34,15.25
5,33,18.0
28,28,28.0
5,10,8.6
12,28,18.0
12,45,31.666666666666668
9,9,9.0
4,33,19.8
10,22,15.333333333333334
5,22,13.5
5,42,22.0
13,30,21.5
26,33,29.5
10,18,14.0
15,37,26.0
15,36,25.5
5,26,15.5
12,25,16.4
4,34,18.5
5,12,8.333333333333334
7,9,8.0
4,32,18.0
6,25,19.5
21,21,21.0
15,15,15.0
6,13,9.666666666666666
17,23,20.0
27,27,27.0
5,35,17.5
25,25,25.0
0,26,11.5
5,36,19.5
7,24,15.333333333333334
17,36,26.5
4,23,14.666666666666666
4,11,7.25
9,14,11.333333333333334
13,36,27.0
0,0,0
16,16,16.0
0,32,13.333333333333334
7,20,12.4
13,13,13.0
14,14,14.0
7,28,16.75
9,26,15.5
11,50,32.0
4,42,23.0
7,25,16.0
6,26,18.333333333333332
0,0,0
7,27,15.8
17,26,21.5
8,40,19.666666666666668
7,7,7.0
4,24,13.25
1,28,13.666666666666666
5,24,12.166666666666666
0,0,0
6,33,17.0
13,17,15.0
9,9,9.0
6,26,15.25
0,0,0
9,18,13.5
3,39,21.0
10,35,19.0
0,0,0
13,52,30.0
0,0,0
4,28,14.8
20,42,29.75
21,21,21.0
5,20,13.6
5,18,11.5
8,14,10.75
0,23,13.666666666666666
1,20,12.4
11,58,27.666666666666668
5,19,14.0
3,25,11.833333333333334
2,11,7.5
11,11,11.0
1,25,10.75
10,41,22.333333333333332
12,33,18.75
16,27,21.5
3,24,13.5
6,15,10.333333333333334
17,30,22.333333333333332
11,15,13.0
3,27,14.5
17,17,17.0
6,15,11.0
5,5,5.0
4,30,15.6
3,18,10.5
10,23,16.666666666666668
8,12,10.0
10,31,18.666666666666668
8,26,17.5
12,12,12.0
0,20,10.0
4,7,5.5
0,0,0
9,32,15.5
8,21,13.4
6,15,10.666666666666666
21,21,21.0
1,21,10.4
13,40,24.2
13,19,16.0
1,27,19.4
4,10,6.0
4,16,10.0
16,30,21.333333333333332
2,29,17.75
0,4,2.0
15,26,20.333333333333332
16,17,16.5
0,49,19.666666666666668
21,30,24.666666666666668
27,27,27.0
13,53,23.5
12,13,12.5
2,22,12.0
11,17,14.0
5,19,12.0
9,15,12.0
3,15,7.25
11,21,15.25
15,30,21.5
5,5,5.0
16,26,21.333333333333332
4,18,11.666666666666666
7,28,17.5
6,40,22.5
11,16,13.5
11,37,20.0
25,25,25.0
8,16,13.0
12,21,16.5
13,32,22.5
8,10,9.0
5,40,22.5
22,66,44.0
1,1,1.0
2,11,7.0
16,30,22.333333333333332
2,15,8.5
13,34,20.333333333333332
12,44,27.333333333333332
12,42,28.0
15,15,15.0
6,23,14.5
9,41,19.571428571428573
2,18,10.333333333333334
3,23,13.666666666666666
4,41,22.5
12,26,17.0
0,26,14.0
8,20,12.25
18,41,29.5
18,32,25.0
25,25,25.0
4,40,16.857142857142858
19,19,19.0
1,32,17.75
0,9,4.333333333333333
25,35,30.0
5,12,8.0
10,27,17.0
0,0,0
4,32,11.8
18,34,25.0
14,33,24.5
1,28,15.333333333333334
3,28,15.5
10,18,15.0
15,25,19.75
13,25,19.0
37,37,37.0
10,24,17.0
3,25,18.25
5,27,15.0
35,35,35.0
16,49,24.6
0,0,0
0,12,6.0
7,19,13.0
12,29,20.5
4,9,6.5
7,22,14.5
11,37,23.333333333333332
0,0,0
14,45,27.0
7,32,19.5
12,20,15.75
0,0,0
4,10,7.0
37,37,37.0
0,30,15.2
16,30,23.0
37,37,37.0
12,46,29.0
6,44,19.333333333333332
0,0,0
9,28,18.25
3,25,14.0
4,37,19.0
2,43,19.666666666666668
2,2,2.0
2,14,10.0
16,16,16.0
6,33,16.25
6,23,15.333333333333334
0,0,0
2,34,14.6
24,32,28.0
8,8,8.0
14,47,25.2
7,39,19.4
0,32,11.333333333333334
7,36,21.5
5,17,11.666666666666666
9,20,14.5
21,43,28.0
9,29,19.0
5,30,16.333333333333332
3,48,16.0
0,0,0
0,33,13.666666666666666
9,9,9.0
2,24,13.0
1,54,17.0
0,28,14.6
1,4,2.5
4,28,12.833333333333334
18,43,30.5
4,22,12.857142857142858
13,13,13.0
8,11,9.333333333333334
5,38,21.5
3,13,9.333333333333334
0,28,14.0
9,10,9.5
5,15,8.666666666666666
10,48,29.0
11,18,15.666666666666666
15,26,20.5
1,14,9.75
21,21,21.0
6,43,21.333333333333332
8,14,10.0
3,22,9.666666666666666
15,35,25.666666666666668
0,44,26.0
31,31,31.0
24,46,32.333333333333336
0,0,0
6,22,11.333333333333334
7,17,11.5
0,10,5.666666666666667
15,31,23.0
2,12,7.0
15,15,15.0
6,44,17.6
0,0,0
8,14,11.0
7,19,13.0
2,17,8.5
10,28,15.25
15,37,25.0
12,12,12.0
12,28,19.333333333333332
0,27,7.75
23,44,33.5
1,10,6.0
2,31,16.5
14,29,20.666666666666668
12,26,17.5
3,11,8.0
2,31,14.0
3,8,4.75
0,10,5.8
16,16,16.0
3,7,5.0
10,29,18.8
44,44,44.0
3,36,19.5
0,34,11.666666666666666
23,23,23.0
3,9,6.0
7,71,39.0
4,17,9.0
8,9,8.5
5,27,13.666666666666666
0,29,16.0
0,0,0
4,13,10.4
5,5,5.0
5,23,13.666666666666666
10,10,10.0
3,14,6.666666666666667
1,1,1.0
0,10,5.0
12,12,12.0
6,25,14.75
3,15,9.0
12,20,16.0
17,17,17.0
0,0,0
25,36,31.333333333333332
15,15,15.0
7,12,10.0
2,9,5.5
0,0,0
5,5,5.0
16,31,24.0
4,17,11.75
16,16,16.0
1,27,12.666666666666666
0,0,0
2,18,9.2
4,30,19.666666666666668
12,15,13.5
2,29,20.0
5,17,9.0
12,32,22.0
15,15,15.0
5,17,9.0
10,11,10.5
7,27,17.75
10,29,17.25
14,14,14.0
3,3,3.0
3,23,12.333333333333334
21,21,21.0
19,39,29.0
13,23,18.666666666666668
2,20,9.333333333333334
0,0,0
20,29,24.5
2,17,9.5
17,40,28.5
10,10,10.0
0,16,7.0
4,13,9.666666666666666
3,22,12.0
3,26,16.0
20,20,20.0
1,25,10.6
17,17,17.0
6,6,6.0
18,18,18.0
4,37,19.4
9,9,9.0
0,26,15.4
5,40,17.0
7,7,7.0
2,17,9.0
5,7,6.0
5,9,7.2
0,0,0
24,43,33.5
0,0,0
6,17,12.0
13,32,20.333333333333332
6,17,11.5
8,8,8.0
0,10,5.0
0,13,4.75
30,30,30.0
12,12,12.0
6,29,17.5
8,9,8.5
1,16,8.75
0,0,0
1,18,7.333333333333333
2,29,13.666666666666666
0,31,18.666666666666668
0,32,8.833333333333334
1,1,1.0
2,17,9.333333333333334
12,29,20.5
2,21,10.333333333333334
12,12,12.0
11,21,16.0
2,13,6.75
3,7,5.0
9,9,9.0
2,26,14.333333333333334
24,24,24.0
11,28,19.75
0,0,0
11,24,17.5
11,23,17.0
7,22,14.333333333333334
4,12,8.0
6,23,14.0
4,34,12.8
0,0,0.0
2,2,2.0
18,18,18.0
8,8,8.0
15,15,15.0
6,31,16.0
1,17,9.0
3,30,16.6
24,24,24.0
28,28,28.0
14,14,14.0
6,12,9.0
10,17,13.333333333333334
15,21,18.0
3,28,16.166666666666668
9,33,21.0
3,9,6.0
5,40,22.5
8,17,13.666666666666666
5,19,12.0
18,18,18.0
7,41,22.0
6,13,9.5
7,24,16.0
27,27,27.0
9,35,19.5
7,27,18.333333333333332
11,18,13.666666666666666
16,33,24.5
0,24,8.666666666666666
18,25,20.333333333333332
17,25,21.0
11,24,17.5
2,23,13.666666666666666
19,31,25.0
5,9,7.0
13,20,15.333333333333334
9,13,11.0
2,18,11.75
10,25,17.5
8,8,8.0
4,8,6.0
7,30,16.0
1,21,10.0
3,7,4.666666666666667
5,5,5.0
6,22,14.0
9,9,9.0
15,28,23.0
10,20,15.0
1,13,8.6
2,2,2.0
1,17,9.333333333333334
11,52,31.5
6,27,15.333333333333334
6,8,7.0
10,14,12.0
1,13,6.75
9,20,14.5
24,24,24.0
4,18,9.0
16,16,16.0
10,18,12.75
29,29,29.0
5,21,12.0
7,11,8.666666666666666
2,22,14.333333333333334
8,8,8.0
2,20,8.75
10,10,10.0
3,14,9.5
32,32,32.0
10,14,12.0
38,38,38.0
15,15,15.0
4,5,4.5
2,2,2.0
0,0,0
13,22,17.0
6,19,11.333333333333334
6,18,12.0
17,47,27.333333333333332
3,12,7.5
26,26,26.0
13,16,14.5
7,21,16.0
14,14,14.0
8,8,8.0
0,0,0
1,21,13.666666666666666
8,31,18.333333333333332
1,21,11.75
11,11,11.0
7,18,13.333333333333334
11,16,13.5
14,17,15.5
4,5,4.666666666666667
0,0,0
21,21,21.0
8,9,8.5
8,15,11.0
7,11,9.0
0,20,10.0
0,23,11.5
1,25,13.833333333333334
2,6,4.0
1,28,15.0
25,25,25.0
2,22,12.0
3,21,13.0
4,28,18.333333333333332
6,41,23.5
13,25,17.333333333333332
7,23,13.0
1,13,10.0
11,27,16.666666666666668
8,29,16.0
4,16,10.0
0,0,0
3,19,10.285714285714286
13,13,13.0
9,18,13.666666666666666
2,37,19.5
11,31,20.5
7,20,11.666666666666666
1,3,2.0
1,16,9.2
9,9,9.0
12,22,18.0
11,41,23.2
13,15,14.0
11,29,20.5
7,11,9.0
2,3,2.5
2,9,5.5
11,36,22.25
0,0,0
8,20,15.5
0,0,0
21,21,21.0
19,19,19.0
0,0,0
1,13,7.25
15,21,18.0
10,18,13.666666666666666
27,27,27.0
9,19,12.5
8,11,9.666666666666666
9,26,16.75
8,18,13.0
8,19,14.25
4,34,14.285714285714286
0,0,0
15,40,26.666666666666668
1,1,1.0
3,29,14.0
8,20,13.666666666666666
6,20,11.0
7,15,12.0
9,28,17.5
3,35,12.75
2,22,12.0
13,18,15.5
9,19,12.833333333333334
5,5,5.0
7,46,26.5
23,23,23.0
9,65,25.25
5,36,14.75
0,0,0
8,8,8.0
7,31,16.666666666666668
12,12,12.0
2,28,12.5
11,27,19.0
11,29,20.0
2,25,11.2
15,15,15.0
2,20,8.75
1,9,5.333333333333333
7,18,11.333333333333334
2,17,7.333333333333333
9,21,14.8
5,44,30.666666666666668
1,12,8.0
1,25,14.333333333333334
2,25,13.5
13,22,17.5
6,23,16.333333333333332
11,11,11.0
4,35,19.5
2,12,6.333333333333333
22,30,26.0
4,45,27.333333333333332
6,34,14.0
2,41,19.0
7,7,7.0
10,26,18.4
3,27,14.0
5,5,5.0
0,0,0
9,20,15.0
0,0,0
4,15,11.333333333333334
12,28,19.75
0,0,0
6,34,17.2
8,8,8.0
3,26,16.333333333333332
15,15,15.0
20,21,20.5
2,32,16.8
11,11,11.0
0,44,15.0
20,41,26.5
10,44,21.666666666666668
8,15,11.5
13,20,16.5
15,35,23.0
0,12,6.0
0,0,0
6,18,13.5
3,33,20.25
1,19,9.5
4,40,19.333333333333332
11,11,11.0
5,22,13.5
6,17,10.0
2,16,11.0
0,8,4.2
6,27,17.75
0,0,0
7,19,14.0
3,25,13.4
0,0,0
16,26,21.0
6,9,7.5
7,35,19.25
15,15,15.0
16,16,16.0
5,24,12.333333333333334
11,32,18.666666666666668
20,21,20.5
9,22,13.75
7,14,9.666666666666666
19,53,36.0
8,29,16.5
8,27,17.8
4,14,7.333333333333333
4,4,4.0
7,22,14.5
12,16,14.0
18,29,24.0
8,25,17.0
7,7,7.0
0,0,0
1,20,13.0
4,18,9.0
16,20,18.0
0,0,0
4,6,5.333333333333333
3,3,3.0
12,12,12.0
5,27,17.25
15,15,15.0
14,29,21.333333333333332
7,18,12.333333333333334
6,24,17.666666666666668
4,18,9.333333333333334
7,29,18.0
4,17,9.333333333333334
5,33,19.75
1,11,5.4
0,0,0
11,45,30.2
1,1,1.0
1,19,10.0
3,17,11.0
8,9,8.5
2,21,8.666666666666666
12,31,19.0
21,44,29.0
16,28,20.0
12,44,29.666666666666668
11,17,13.5
16,27,21.333333333333332
8,29,19.5
21,32,26.666666666666668
8,34,18.0
4,20,11.75
0,42,20.666666666666668
1,1,1.0
16,46,31.5
9,31,20.0
27,27,27.0
18,25,21.5
25,52,38.5
11,39,25.0
11,39,18.4
17,17,17.0
5,45,16.6
0,53,20.333333333333332
7,59,28.5
11,31,21.0
1,12,7.0
23,29,26.0
4,20,11.0
0,0,0
11,38,23.2
9,9,9.0
3,27,13.5
11,19,15.5
12,36,20.666666666666668
6,6,6.0
6,22,12.0
12,23,17.75
7,44,26.0
9,48,22.75
11,31,23.166666666666668
7,14,10.5
6,77,22.875
8,33,20.333333333333332
19,43,31.0
7,10,8.5
7,23,15.0
11,46,25.75
10,14,12.0
17,68,35.666666666666664
1,32,13.5
0,0,0
13,45,27.0
15,15,15.0
13,13,13.0
2,25,10.4
0,20,9.666666666666666
5,42,17.25
16,16,16.0
6,47,24.333333333333332
7,64,35.5
16,61,34.0
4,30,13.25
21,21,21.0
2,44,19.6
15,15,15.0
13,60,38.0
3,14,8.5
0,49,24.25
14,24,18.666666666666668
9,36,19.0
3,24,13.0
4,52,34.0
4,17,9.666666666666666
8,30,17.666666666666668
2,26,14.666666666666666
25,28,26.5
9,9,9.0
12,29,20.5
6,39,22.0
18,71,46.333333333333336
24,24,24.0
27,27,27.0
0,0,0
25,37,31.0
11,21,16.0
15,52,28.666666666666668
4,30,17.0
9,12,10.5
3,13,8.0
0,0,0
11,50,25.25
12,44,28.25
9,15,12.0
2,2,2.0
9,10,9.5
4,35,13.25
6,26,13.166666666666666
8,13,10.5
0,0,0
8,22,15.0
28,42,35.0
3,38,22.0
6,38,20.0
9,34,17.25
15,22,18.5
26,26,26.0
2,14,9.5
28,35,31.5
10,11,10.5
5,20,13.0
12,68,40.8
5,43,28.5
13,34,21.666666666666668
3,39,20.75
13,13,13.0
3,23,13.333333333333334
4,33,21.0
0,33,13.4
24,32,28.0
0,0,0
9,26,17.0
8,37,23.666666666666668
13,41,27.0
2,23,12.5
0,0,0
1,49,25.0
33,33,33.0
4,27,12.0
3,41,22.0
0,36,18.4
5,15,10.0
17,36,27.0
12,55,27.75
26,29,27.5
5,32,20.75
6,33,19.5
17,62,39.5
31,94,54.666666666666664
4,39,23.8
5,28,20.333333333333332
1,16,7.666666666666667
10,18,14.0
10,40,25.142857142857142
29,29,29.0
27,45,35.666666666666664
5,37,21.0
17,17,17.0
18,54,30.5
0,0,0
10,25,17.8
15,15,15.0
8,23,14.75
13,57,31.0
13,20,17.0
1,36,20.0
5,13,9.0
14,39,25.25
6,59,31.0
5,51,20.8
1,19,10.666666666666666
12,12,12.0
5,11,8.666666666666666
14,16,15.0
0,40,17.75
9,42,31.0
15,21,18.0
14,40,24.333333333333332
4,16,10.0
36,47,42.666666666666664
9,20,15.0
19,28,23.5
6,47,17.833333333333332
6,30,19.2
7,13,9.666666666666666
14,46,23.4
15,20,17.5
11,47,34.0
15,26,20.5
12,19,15.5
25,74,49.5
9,26,19.75
11,29,18.333333333333332
9,35,18.0
0,0,0
3,16,9.5
12,89,50.5
15,38,21.75
23,35,27.333333333333332
13,33,23.4
13,19,15.666666666666666
19,41,28.333333333333332
4,24,14.25
5,36,20.333333333333332
6,22,14.5
6,33,17.666666666666668
4,60,24.0
16,16,16.0
42,50,46.0
11,19,15.0
3,46,23.0
17,28,24.0
1,38,18.0
19,27,23.0
24,24,24.0
20,30,24.333333333333332
33,45,39.0
11,38,23.8
14,35,25.333333333333332
8,33,19.5
15,28,21.666666666666668
21,59,37.6
21,21,21.0
5,42,29.666666666666668
4,31,17.5
12,12,12.0
7,43,29.5
0,30,19.0
4,11,7.5
10,53,29.0
4,54,29.833333333333332
12,19,15.5
3,43,21.2
3,22,14.333333333333334
7,24,15.75
25,31,28.0
10,42,26.0
24,31,28.333333333333332
16,47,31.5
9,18,13.75
14,14,14.0
1,1,1.0
5,36,15.8
15,23,19.333333333333332
43,45,44.0
10,25,16.75
5,5,5.0
16,52,30.75
15,35,22.333333333333332
8,42,20.4
5,25,15.0
5,41,27.5
12,12,12.0
23,23,23.0
9,44,22.8
32,32,32.0
12,12,12.0
32,32,32.0
5,22,13.5
10,26,16.0
8,40,24.0
0,44,22.0
19,25,22.0
11,37,26.333333333333332
8,13,10.5
2,43,18.2
0,17,8.5
16,39,25.0
9,16,12.5
1,38,21.75
11,80,34.25
36,40,38.0
7,34,21.25
48,48,48.0
6,45,22.0
0,0,0
1,23,9.0
11,11,11.0
13,20,16.5
9,32,21.0
8,15,10.75
3,7,5.0
18,77,43.25
9,34,20.0
2,40,27.0
0,0,0
2,11,6.5
15,21,18.0
10,10,10.0
0,0,0
12,24,17.666666666666668
7,7,7.0
2,15,10.666666666666666
32,37,34.5
9,19,14.0
9,18,12.666666666666666
8,18,14.333333333333334
16,32,24.0
23,23,23.0
15,26,19.0
0,16,9.666666666666666
10,27,16.0
1,32,19.2
15,17,16.0
29,29,29.0
11,42,25.666666666666668
11,11,11.0
3,30,10.75
20,20,20.0
5,42,28.4
4,18,11.0
3,32,12.25
0,0,0
0,0,0
0,5,2.5
8,32,20.0
3,29,13.5
8,8,8.0
15,15,15.0
0,0,0
10,21,16.25
16,16,16.0
7,33,15.75
9,20,14.5
13,17,15.666666666666666
10,36,23.0
10,20,15.0
1,31,10.4
18,39,28.5
21,21,21.0
0,26,15.5
21,23,22.0
1,12,6.5
3,13,8.0
11,32,21.5
30,30,30.0
11,46,25.333333333333332
21,21,21.0
12,23,17.0
22,22,22.0
6,23,16.25
6,30,17.0
16,31,21.666666666666668
14,43,25.0
4,4,4.0
11,32,21.25
27,40,31.5
1,26,11.75
5,36,14.857142857142858
18,21,19.5
35,35,35.0
0,0,0
2,61,23.0
26,26,26.0
13,42,27.5
0,24,18.4
4,39,24.666666666666668
12,18,14.666666666666666
12,32,22.0
11,41,29.25
4,21,13.25
2,12,7.0
31,44,36.333333333333336
12,36,25.0
12,31,23.666666666666668
7,28,14.666666666666666
21,31,26.0
3,33,18.5
3,30,13.5
41,41,41.0
4,35,19.8
10,23,17.0
12,36,22.0
21,45,33.0
5,30,18.2
0,0,0.0
18,39,26.333333333333332
14,49,28.0
4,9,6.5
12,34,23.5
4,25,12.75
16,29,24.25
17,22,19.5
0,47,20.6
10,16,13.0
26,39,34.0
8,18,13.0
4,40,19.0
0,0,0
17,23,20.0
17,17,17.0
12,42,27.0
24,46,36.333333333333336
10,63,28.333333333333332
1,39,15.333333333333334
7,54,33.166666666666664
16,54,29.75
12,21,17.333333333333332
12,38,25.0
17,27,22.0
3,3,3.0
15,37,26.333333333333332
6,6,6.0
36,51,43.5
2,5,3.5
13,16,14.5
0,0,0
8,39,26.666666666666668
16,28,22.0
8,8,8.0
0,0,0
8,52,28.75
10,18,14.0
31,36,33.5
11,30,20.0
16,67,36.0
13,44,26.5
11,43,27.0
2,33,17.5
6,39,22.0
11,53,31.0
22,23,22.5
15,67,37.5
17,27,22.333333333333332
16,64,33.0
9,40,24.833333333333332
1,21,11.0
24,26,25.0
8,30,18.5
3,34,19.75
7,48,27.5
7,30,18.5
9,31,20.0
7,23,15.0
5,30,15.75
4,15,10.0
33,35,34.0
5,29,21.0
21,28,24.5
7,15,12.333333333333334
23,45,34.0
4,43,19.75
11,39,25.0
5,5,5.0
10,55,27.0
14,22,18.0
6,6,6.0
8,54,26.8
9,25,16.25
0,0,0
4,32,20.833333333333332
14,16,15.0
1,27,13.0
7,7,7.0
16,16,16.0
15,25,21.0
10,10,10.0
8,10,9.0
2,51,19.0
15,19,17.0
0,0,0
9,50,21.6
0,0,0
5,34,17.0
14,30,19.666666666666668
20,32,26.0
8,39,19.0
3,65,31.5
2,37,19.5
2,35,19.5
17,64,35.666666666666664
17,31,22.25
19,31,25.0
11,26,17.25
42,42,42.0
9,10,9.5
0,18,8.666666666666666
23,25,24.0
7,27,20.75
45,45,45.0
4,39,17.833333333333332
24,45,34.5
14,48,31.0
7,10,8.5
26,40,33.0
43,43,43.0
1,35,17.0
13,13,13.0
1,23,8.666666666666666
13,19,16.0
9,44,30.333333333333332
1,38,17.666666666666668
0,0,0
32,32,32.0
6,33,14.5
18,39,27.4
9,49,21.2
14,25,20.25
3,76,28.666666666666668
16,29,22.5
13,42,21.0
14,29,21.0
7,43,17.75
30,30,30.0
12,23,19.0
3,23,9.8
7,18,14.0
16,29,21.5
33,33,33.0
1,21,13.8
10,26,19.0
4,33,20.0
0,28,13.0
0,0,0.0
11,38,24.0
48,48,48.0
0,32,11.285714285714286
17,17,17.0
2,56,22.833333333333332
7,20,13.5
3,31,13.6
34,34,34.0
11,49,27.0
13,21,17.0
13,13,13.0
11,35,20.333333333333332
15,15,15.0
14,21,16.8
4,19,10.25
5,29,14.0
17,34,22.0
8,15,11.5
26,30,28.0
6,15,10.5
2,46,20.25
16,16,16.0
7,22,14.666666666666666
0,0,0
7,9,8.0
12,14,13.0
13,39,24.0
4,7,5.5
10,37,18.5
7,38,18.2
2,26,13.333333333333334
31,31,31.0
1,54,21.333333333333332
4,17,8.8
2,39,20.5
11,32,21.5
6,6,6.0
2,15,8.5
11,56,33.5
3,6,4.5
7,24,15.6
1,24,12.5
13,43,28.666666666666668
0,16,8.0
4,25,13.333333333333334
0,0,0
5,7,6.0
21,21,21.0
1,17,10.4
12,20,15.0
0,0,0.0
1,29,10.666666666666666
4,34,17.25
14,14,14.0
7,19,12.333333333333334
3,40,19.0
6,18,14.0
12,12,12.0
13,16,14.5
6,28,20.0
12,16,14.666666666666666
1,37,14.75
3,29,15.4
11,11,11.0
4,34,18.0
5,31,16.666666666666668
7,24,12.2
1,8,4.5
6,36,17.833333333333332
5,25,11.5
11,28,19.5
9,30,20.0
8,12,10.666666666666666
5,30,16.6
2,30,12.0
9,16,12.5
10,10,10.0
7,30,18.4
7,31,19.0
22,37,29.5
2,7,4.5
11,25,16.0
10,10,10.0
5,5,5.0
11,20,15.5
20,54,37.0
6,20,13.0
50,50,50.0
6,34,20.0
12,20,16.0
2,22,10.666666666666666
0,16,6.8
14,28,20.2
16,52,37.0
3,24,13.25
1,23,10.0
6,6,6.0
20,28,24.0
31,41,36.0
15,18,16.5
9,49,23.0
18,26,22.666666666666668
30,43,36.5
20,36,29.0
3,13,7.0
19,28,23.5
15,27,22.5
3,29,17.166666666666668
5,18,11.5
11,20,15.0
4,34,19.0
7,7,7.0
1,1,1.0
20,21,20.5
8,17,12.5
1,16,9.0
0,0,0
6,14,8.666666666666666
16,30,21.0
13,18,15.0
2,39,24.2
36,36,36.0
5,26,13.666666666666666
32,32,32.0
16,35,25.0
0,13,6.5
0,15,7.5
4,33,15.6
13,13,13.0
8,39,16.833333333333332
25,25,25.0
30,30,30.0
27,27,27.0
15,15,15.0
2,44,20.5
0,0,0
6,55,20.0
0,38,17.333333333333332
21,24,22.5
7,29,17.5
4,30,14.6
11,32,21.5
13,28,19.75
10,40,25.666666666666668
10,24,17.0
6,13,9.5
3,8,5.5
12,14,13.0
13,14,13.5
8,51,21.5
12,32,18.666666666666668
1,4,2.5
4,30,16.0
16,47,27.333333333333332
13,61,37.333333333333336
11,30,20.4
3,37,18.666666666666668
33,33,33.0
18,25,21.5
19,34,26.5
6,29,17.6
4,4,4.0
4,18,11.5
47,47,47.0
8,25,15.4
0,0,0
0,27,16.0
5,11,8.0
0,0,0
3,36,12.75
14,14,14.0
8,38,16.75
10,33,21.666666666666668
1,1,1.0
0,0,0
16,32,24.0
4,43,20.75
4,4,4.0
22,32,28.0
2,18,10.5
7,45,18.25
16,16,16.0
12,28,20.0
25,32,28.5
16,27,20.666666666666668
2,20,12.75
2,19,10.5
0,0,0
10,58,24.8
0,26,8.75
14,18,16.0
8,17,11.666666666666666
13,64,35.666666666666664
11,26,18.5
9,27,18.333333333333332
25,25,25.0
16,35,25.5
2,16,7.333333333333333
6,24,14.2
1,17,10.0
0,26,9.75
3,9,6.0
22,25,23.5
5,48,21.4
0,0,0
7,19,13.0
10,35,22.4
45,45,45.0
6,18,10.666666666666666
21,21,21.0
8,19,12.75
10,10,10.0
9,9,9.0
14,14,14.0
4,22,12.833333333333334
8,17,12.75
22,22,22.0
7,15,12.333333333333334
1,20,12.333333333333334
1,30,15.5
21,21,21.0
4,20,12.2
20,20,20.0
7,33,25.25
2,24,11.4
8,30,17.2
7,17,12.0
22,22,22.0
0,14,7.0
10,20,15.333333333333334
6,22,13.333333333333334
9,36,22.75
2,31,20.75
10,10,10.0
7,15,11.0
27,27,27.0
5,28,17.666666666666668
22,27,24.5
7,23,14.4
18,18,18.0
14,29,20.25
33,33,33.0
11,32,23.75
11,37,23.333333333333332
0,19,13.6
3,10,6.5
5,30,16.0
8,20,15.666666666666666
6,42,26.8
0,17,7.0
8,8,8.0
3,19,11.0
10,18,14.0
0,0,0.0
1,15,7.0
1,1,1.0
8,24,17.0
16,16,16.0
6,24,16.333333333333332
39,39,39.0
0,0,0
4,32,18.166666666666668
0,25,12.25
15,29,21.75
15,32,22.0
15,22,18.333333333333332
10,43,23.5
4,16,8.333333333333334
7,36,19.333333333333332
1,1,1.0
13,23,18.333333333333332
10,41,20.8
13,31,23.333333333333332
5,43,20.5
7,11,9.0
7,23,16.0
6,28,15.2
15,23,19.0
11,43,22.75
3,3,3.0
6,34,19.0
7,24,16.666666666666668
3,14,10.333333333333334
18,18,18.0
3,22,11.0
5,26,15.5
2,43,13.8
5,21,11.25
16,41,28.5
8,49,28.8
8,17,12.5
5,40,22.5
49,49,49.0
4,25,12.0
22,22,22.0
0,18,8.5
14,40,26.666666666666668
42,44,43.0
5,56,27.333333333333332
22,25,23.5
16,23,19.5
0,39,21.0
5,25,15.0
9,9,9.0
16,16,16.0
11,51,24.857142857142858
21,21,21.0
34,34,34.0
13,31,20.666666666666668
13,18,15.5
16,16,16.0
8,65,27.4
9,9,9.0
1,28,14.8
11,11,11.0
7,46,23.25
13,23,18.0
16,47,32.0
1,1,1.0
14,19,16.5
11,39,20.6
0,3,2.0
3,21,11.333333333333334
23,23,23.0
10,32,17.4
4,39,18.0
7,26,20.0
9,21,14.333333333333334
11,32,19.142857142857142
3,57,26.333333333333332
22,53,34.25
9,21,15.0
3,23,13.5
43,43,43.0
2,40,26.25
1,29,12.666666666666666
12,38,23.666666666666668
10,37,23.8
14,20,17.0
20,45,32.5
12,23,16.0
1,34,17.5
5,53,18.5
8,49,24.5
13,13,13.0
6,31,19.333333333333332
25,25,25.0
2,17,9.0
7,40,21.6
11,25,19.0
14,55,33.666666666666664
3,30,16.25
0,25,12.5
4,30,13.333333333333334
1,22,9.0
7,7,7.0
0,0,0
6,9,7.5
16,16,16.0
10,21,15.0
0,0,0
7,34,16.166666666666668
18,35,26.5
2,22,12.0
15,27,21.0
9,41,20.0
19,19,19.0
4,22,13.0
11,11,11.0
0,41,17.142857142857142
4,23,11.333333333333334
10,10,10.0
4,39,21.5
1,25,12.0
4,4,4.0
13,27,19.0
7,15,10.25
3,26,11.0
5,5,5.0
3,28,11.666666666666666
2,15,9.333333333333334
2,2,2.0
7,24,15.5
8,9,8.5
0,7,3.5
16,16,16.0
3,12,8.333333333333334
0,30,12.333333333333334
0,0,0
16,36,26.0
2,14,7.25
11,23,16.333333333333332
16,30,21.0
2,2,2.0
13,27,20.0
6,6,6.0
1,12,6.666666666666667
0,19,9.5
5,5,5.0
3,28,13.6
0,12,6.0
7,34,22.8
0,0,0.0
10,25,16.0
0,54,27.0
5,12,8.5
5,5,5.0
5,28,15.8
4,6,5.0
17,17,17.0
4,37,17.25
6,17,10.0
14,38,26.0
13,43,28.0
12,35,21.6
2,41,17.666666666666668
5,31,19.0
10,29,17.666666666666668
9,24,16.5
1,6,3.5
5,8,6.5
1,19,11.4
0,0,0
4,9,6.5
5,5,5.0
3,16,11.25
6,10,8.0
10,48,29.0
4,33,16.75
0,0,0.0
8,32,18.0
3,7,5.0
13,21,17.666666666666668
6,18,12.666666666666666
7,7,7.0
2,22,9.6
6,37,21.25
12,12,12.0
11,11,11.0
14,22,18.0
0,8,5.0
16,19,17.5
2,10,6.0
8,8,8.0
0,20,10.333333333333334
2,15,8.0
9,20,14.5
33,33,33.0
8,39,20.8
0,0,0
6,17,10.6
12,16,13.333333333333334
15,28,21.5
6,12,9.0
0,22,9.333333333333334
0,25,12.0
6,23,11.5
2,15,8.666666666666666
11,11,11.0
0,22,11.5
5,12,8.5
9,39,20.75
4,22,12.0
0,0,0
4,19,12.0
6,32,19.0
0,15,7.5
13,25,19.333333333333332
3,19,9.666666666666666
0,0,0
11,23,17.0
3,18,8.333333333333334
5,14,9.666666666666666
15,32,23.5
9,45,25.5
2,2,2.0
5,29,18.0
0,0,0
8,8,8.0
2,8,5.0
9,32,16.2
5,5,5.0
0,27,13.5
5,16,10.5
3,45,19.333333333333332
5,18,10.0
5,5,5.0
10,19,15.666666666666666
5,28,17.0
10,29,22.0
0,0,0
9,25,16.333333333333332
5,30,15.666666666666666
13,16,14.5
3,3,3.0
11,11,11.0
1,31,15.25
17,17,17.0
0,25,12.25
12,21,16.0
18,31,24.5
11,53,25.6
7,32,20.5
35,35,35.0
14,43,26.666666666666668
0,0,0
8,26,18.333333333333332
10,14,12.333333333333334
5,18,10.25
2,23,12.5
10,22,14.25
5,5,5.0
31,31,31.0
1,31,16.0
7,25,16.0
6,19,11.5
19,40,29.5
6,16,11.333333333333334
35,39,37.0
6,6,6.0
18,29,23.5
19,38,25.666666666666668
12,50,26.25
20,20,20.0
0,36,20.333333333333332
8,17,12.666666666666666
7,27,17.8
15,34,24.0
2,46,24.0
5,48,17.25
5,35,19.333333333333332
14,30,21.5
7,31,18.2
11,11,11.0
1,46,20.166666666666668
7,21,13.0
4,19,9.75
7,7,7.0
13,20,17.0
2,28,14.0
19,29,24.0
14,30,24.666666666666668
13,25,19.0
12,23,17.5
8,38,23.333333333333332
3,14,8.5
10,24,19.0
6,10,8.0
4,11,7.5
0,23,14.0
20,27,23.5
13,36,21.0
4,57,20.75
9,9,9.0
0,0,0
11,11,11.0
6,18,13.666666666666666
4,66,25.0
21,29,25.666666666666668
5,28,16.75
7,25,15.75
12,16,13.666666666666666
0,0,0
22,30,26.333333333333332
4,14,9.25
7,24,15.25
9,12,10.5
20,28,24.0
1,43,16.666666666666668
3,19,13.5
3,35,17.6
10,24,16.666666666666668
5,16,10.666666666666666
0,0,0
14,18,15.666666666666666
11,28,20.666666666666668
8,8,8.0
12,23,16.333333333333332
9,20,14.5
3,40,21.5
11,11,11.0
7,26,15.25
4,14,10.0
28,28,28.0
8,31,21.666666666666668
12,27,19.5
5,32,18.5
30,34,32.0
12,25,17.333333333333332
1,12,5.25
12,26,19.0
15,21,18.0
41,42,41.5
1,32,16.5
0,27,14.5
4,29,16.5
2,42,15.6
22,22,22.0
2,26,14.0
8,14,11.333333333333334
2,43,17.75
14,35,24.5
3,20,13.75
16,43,24.6
10,17,13.0
7,38,18.666666666666668
8,10,9.333333333333334
17,22,19.8
8,17,12.5
15,15,15.0
10,37,25.0
0,0,0
8,19,14.75
16,20,18.666666666666668
10,15,12.666666666666666
1,11,6.0
9,26,17.5
5,5,5.0
3,34,18.166666666666668
0,0,0
10,19,14.333333333333334
8,8,8.0
4,24,11.666666666666666
4,22,12.333333333333334
11,26,18.5
21,21,21.0
3,30,15.666666666666666
19,29,24.0
18,18,18.0
15,23,19.333333333333332
8,8,8.0
1,21,9.4
5,16,10.0
6,28,17.0
7,36,23.4
19,31,24.333333333333332
6,16,12.0
18,26,21.75
5,24,13.0
7,10,8.5
5,32,15.0
0,0,0
0,43,12.142857142857142
14,16,15.0
6,16,12.4
0,36,16.5
7,31,14.75
11,43,27.0
5,34,22.6
4,10,7.0
5,26,17.666666666666668
13,18,15.5
0,47,17.5
10,29,19.5
8,17,12.5
5,46,25.5
1,28,14.5
2,47,21.166666666666668
16,16,16.0
8,46,27.0
4,12,8.0
14,46,30.0
3,17,10.0
6,42,22.666666666666668
11,26,20.75
45,45,45.0
7,45,24.4
37,39,38.0
5,9,7.0
6,11,9.0
27,27,27.0
11,37,28.25
17,17,17.0
12,33,22.5
41,41,41.0
6,6,6.0
15,35,25.666666666666668
4,32,17.666666666666668
21,27,24.666666666666668
9,27,18.0
11,24,16.666666666666668
7,21,14.666666666666666
3,38,18.666666666666668
7,15,11.0
2,27,12.333333333333334
16,48,30.666666666666668
9,39,21.0
8,19,13.5
0,0,0
17,49,28.0
33,33,33.0
13,44,23.666666666666668
4,36,20.666666666666668
4,15,10.333333333333334
8,9,8.5
7,7,7.0
7,56,31.5
6,17,12.666666666666666
18,44,29.666666666666668
25,27,26.0
6,27,19.0
15,27,21.0
6,34,20.5
13,31,21.75
10,79,36.333333333333336
5,22,13.714285714285714
0,0,0
3,39,19.25
14,23,19.0
14,21,17.5
25,28,26.5
7,16,12.0
12,35,23.666666666666668
8,26,17.25
5,18,10.666666666666666
8,8,8.0
14,53,32.0
10,29,16.666666666666668
9,20,14.5
29,29,29.0
2,30,16.0
4,24,10.666666666666666
25,25,25.0
3,15,9.5
9,24,16.5
18,41,27.0
15,27,19.333333333333332
14,18,16.0
11,42,22.2
21,70,37.333333333333336
8,14,11.666666666666666
13,32,21.0
4,33,16.8
43,43,43.0
5,53,19.5
14,31,22.5
3,29,16.0
25,25,25.0
6,6,6.0
0,0,0
19,30,23.0
4,24,12.0
6,36,19.6
3,41,23.2
6,18,14.5
20,49,34.5
10,29,19.5
11,22,16.5
3,22,15.25
26,46,35.0
7,30,17.0
15,15,15.0
10,15,12.5
3,32,20.0
12,14,13.0
6,11,8.5
3,35,15.6
17,31,22.333333333333332
2,39,20.5
16,18,17.0
23,29,26.666666666666668
7,30,16.666666666666668
10,24,17.0
5,31,18.5
13,13,13.0
4,25,15.666666666666666
8,19,13.5
3,24,13.25
1,16,8.75
4,36,21.666666666666668
4,26,12.666666666666666
11,27,17.666666666666668
20,20,20.0
5,34,19.5
29,29,29.0
5,24,13.4
11,22,16.5
5,15,10.0
7,10,8.5
17,34,27.666666666666668
12,18,15.0
14,36,24.75
10,20,15.0
1,30,18.333333333333332
22,22,22.0
7,30,16.75
11,14,12.666666666666666
0,0,0
2,31,18.5
0,17,11.0
9,38,17.4
7,35,22.25
6,32,21.8
0,0,0
6,53,20.6
4,29,18.75
6,31,18.8
0,0,0
21,34,26.0
2,4,3.0
19,36,28.5
0,20,10.0
18,24,21.0
12,26,19.0
15,27,21.25
5,27,16.0
4,26,15.0
0,0,0
15,40,27.8
11,30,20.5
12,16,13.25
8,41,22.666666666666668
8,47,24.666666666666668
7,7,7.0
0,0,0.0
23,24,23.5
3,15,9.0
1,39,20.2
19,19,19.0
13,44,24.75
21,48,34.333333333333336
4,4,4.0
15,19,17.0
24,28,26.0
15,42,31.0
9,21,14.6
10,25,15.0
0,0,0
12,35,23.0
6,57,30.333333333333332
6,48,27.0
16,29,23.666666666666668
23,27,25.0
8,26,16.833333333333332
7,35,21.0
8,26,15.0
9,45,22.333333333333332
3,20,13.75
15,21,18.333333333333332
0,19,13.0
16,20,18.333333333333332
0,51,19.25
8,43,19.0
11,20,14.666666666666666
8,25,15.5
4,16,11.666666666666666
2,35,20.25
2,35,22.0
24,30,27.5
7,28,17.5
5,44,22.0
31,31,31.0
9,22,16.75
13,13,13.0
51,51,51.0
19,29,24.666666666666668
5,52,25.333333333333332
14,22,18.0
21,48,34.5
10,16,13.666666666666666
14,24,17.333333333333332
25,25,25.0
6,20,12.666666666666666
34,37,35.5
10,15,12.5
3,27,12.75
7,26,16.333333333333332
3,43,22.75
10,23,16.5
11,15,13.333333333333334
17,17,17.0
15,54,30.2
29,31,30.0
27,33,30.0
5,10,8.25
46,46,46.0
4,17,10.0
3,19,10.666666666666666
18,48,34.333333333333336
5,42,17.75
25,26,25.5
3,22,12.25
13,23,18.0
21,30,25.5
6,22,11.666666666666666
12,35,20.0
9,46,26.0
7,44,18.6
7,7,7.0
11,27,16.6
1,7,3.0
14,60,29.4
7,34,15.6
13,31,21.333333333333332
2,63,26.6
3,26,13.0
1,29,14.0
17,27,23.333333333333332
0,0,0
0,0,0
5,5,5.0
7,25,13.6
37,37,37.0
10,19,14.333333333333334
11,13,12.0
8,8,8.0
0,0,0
4,4,4.0
14,16,15.0
25,37,31.0
36,36,36.0
16,18,17.0
10,15,12.5
32,32,32.0
0,0,0
3,16,8.5
2,5,3.5
12,17,14.5
1,50,19.0
3,18,10.5
2,41,18.25
35,40,37.5
6,35,16.428571428571427
25,27,26.0
6,50,28.0
1,25,12.2
19,19,19.0
13,18,15.0
7,15,11.0
5,43,18.4
6,32,16.666666666666668
6,39,14.4
6,22,13.666666666666666
4,53,27.25
4,40,26.666666666666668
2,30,16.75
4,42,18.333333333333332
3,37,20.0
6,11,9.333333333333334
15,33,22.0
31,35,33.0
7,17,12.0
16,26,23.25
5,42,17.666666666666668
10,34,18.5
1,12,7.666666666666667
18,52,35.0
0,20,12.75
0,0,0
4,22,12.5
0,41,20.5
27,34,30.5
0,0,0.0
7,7,7.0
17,67,42.666666666666664
14,30,22.75
11,11,11.0
16,20,18.0
14,27,22.666666666666668
19,30,24.5
12,51,26.25
17,50,31.0
17,32,26.0
12,15,13.5
3,20,10.5
8,45,22.25
9,30,19.0
5,7,6.0
0,36,13.0
4,26,13.0
14,31,21.0
2,2,2.0
24,24,24.0
2,5,3.5
9,30,19.833333333333332
10,36,23.0
0,0,0
6,36,16.5
0,0,0
18,26,22.0
18,22,20.0
15,31,20.333333333333332
1,9,5.0
23,23,23.0
7,7,7.0
7,39,22.8
2,27,17.333333333333332
4,21,12.5
30,30,30.0
13,52,31.0
8,36,21.0
4,6,5.0
10,58,25.5
14,14,14.0
17,18,17.5
2,25,14.166666666666666
5,28,14.2
12,34,21.4
8,24,14.333333333333334
5,28,19.333333333333332
17,27,22.333333333333332
0,0,0.0
12,20,14.75
9,32,17.5
3,38,19.666666666666668
4,7,5.5
8,17,12.5
7,41,20.75
5,20,15.5
10,16,13.0
5,18,11.5
2,25,13.333333333333334
0,25,13.5
25,25,25.0
5,14,9.2
0,0,0
5,6,5.5
0,0,0
7,16,11.5
13,21,18.333333333333332
16,44,29.5
31,31,31.0
14,30,22.0
4,4,4.0
7,27,18.25
10,28,19.0
14,19,16.0
1,25,9.666666666666666
9,40,29.666666666666668
7,40,23.666666666666668
23,65,50.0
23,23,23.0
19,23,21.0
2,28,15.0
9,14,11.0
2,43,25.0
5,32,16.0
0,0,0
3,11,6.0
0,0,0
16,22,19.666666666666668
18,29,24.0
5,27,17.0
6,19,14.666666666666666
10,39,24.5
22,39,30.5
14,18,16.0
2,19,9.666666666666666
6,22,15.333333333333334
0,0,0
6,11,8.25
5,5,5.0
7,30,18.5
0,0,0.0
33,33,33.0
1,20,11.333333333333334
5,5,5.0
9,36,20.666666666666668
4,11,7.5
3,14,7.666666666666667
15,23,19.666666666666668
15,15,15.0
33,33,33.0
19,44,32.333333333333336
13,13,13.0
17,17,17.0
4,31,17.0
10,19,14.0
2,18,11.75
1,31,15.75
20,20,20.0
6,41,17.25
23,24,23.5
0,0,0
35,35,35.0
11,31,19.25
29,29,29.0
10,10,10.0
6,23,12.333333333333334
5,50,28.666666666666668
2,42,16.166666666666668
25,31,28.0
9,25,16.25
24,24,24.0
29,29,29.0
9,40,21.0
1,14,9.75
9,45,22.25
0,0,0
21,41,29.666666666666668
11,46,23.333333333333332
7,27,16.333333333333332
0,0,0
22,52,30.75
13,19,15.666666666666666
36,36,36.0
7,21,11.666666666666666
16,33,23.0
0,0,0
8,27,18.25
14,24,19.0
2,26,15.666666666666666
2,15,8.5
10,25,20.0
17,30,23.5
2,31,15.6
22,22,22.0
0,43,16.75
15,36,25.5
8,49,21.5
3,43,22.666666666666668
7,21,12.25
19,30,23.0
10,48,29.75
14,17,15.5
2,24,16.0
29,39,34.0
4,41,27.0
7,46,22.0
17,31,24.0
17,50,35.333333333333336
8,10,9.333333333333334
7,11,9.4
15,15,15.0
12,17,13.666666666666666
0,0,0
4,42,20.0
13,27,19.666666666666668
13,32,22.25
9,12,10.5
2,10,6.0
8,21,13.5
5,47,20.75
15,15,15.0
8,12,10.0
8,10,9.0
3,4,3.5
19,39,26.0
26,28,27.0
9,9,9.0
3,12,9.0
9,18,13.5
15,22,18.5
5,35,19.5
5,19,13.333333333333334
6,27,17.2
0,0,0
12,31,20.6
9,9,9.0
6,24,13.6
0,0,0
7,19,14.25
16,20,18.0
0,37,18.285714285714285
36,36,36.0
12,31,20.333333333333332
5,22,10.8
28,28,28.0
14,44,25.666666666666668
0,0,0
2,2,2.0
8,20,13.0
14,33,23.5
7,34,21.25
7,7,7.0
5,32,20.5
11,20,15.5
8,44,21.5
1,19,10.0
20,30,25.0
13,23,18.0
2,29,17.0
28,28,28.0
9,29,16.25
9,27,15.25
4,16,8.0
2,24,12.666666666666666
7,32,16.2
10,10,10.0
1,33,20.333333333333332
7,38,21.142857142857142
43,43,43.0
1,14,9.0
10,38,24.666666666666668
9,9,9.0
14,48,31.0
7,43,19.2
9,9,9.0
12,34,22.571428571428573
8,8,8.0
9,20,14.5
9,19,12.5
15,15,15.0
1,21,10.0
24,24,24.0
17,17,17.0
9,15,12.0
2,21,12.6
26,26,26.0
4,17,9.25
12,28,18.666666666666668
8,8,8.0
11,33,22.75
0,11,5.5
4,30,15.0
0,9,4.333333333333333
4,18,10.5
4,31,13.6
4,4,4.0
6,22,14.0
0,22,13.666666666666666
6,56,24.0
0,17,6.75
10,18,13.5
15,21,18.0
10,18,14.25
4,4,4.0
0,8,5.0
6,14,10.666666666666666
7,14,10.5
6,6,6.0
6,33,18.6
8,37,18.0
3,7,5.0
3,18,13.0
6,17,11.5
26,26,26.0
0,0,0
6,33,18.75
4,16,10.0
11,19,15.0
0,8,4.5
5,25,15.0
19,19,19.0
7,23,13.666666666666666
7,21,11.666666666666666
6,29,15.6
0,0,0
1,26,13.5
18,32,24.75
0,9,4.75
29,29,29.0
5,8,6.5
2,20,15.0
3,16,9.2
16,32,24.0
0,19,7.333333333333333
1,37,19.25
1,24,13.666666666666666
0,44,22.0
8,9,8.5
12,21,16.5
5,23,14.0
17,17,17.0
2,6,4.0
2,42,18.0
6,25,14.666666666666666
7,7,7.0
6,18,12.0
0,20,10.5
34,34,34.0
10,25,17.75
6,30,18.0
6,18,12.0
9,14,11.0
2,2,2.0
2,44,17.8
48,48,48.0
9,28,16.0
0,36,18.5
16,16,16.0
7,33,17.666666666666668
14,14,14.0
9,23,15.666666666666666
8,11,9.5
9,9,9.0
1,15,7.333333333333333
7,14,10.0
3,20,10.75
8,21,13.75
0,27,14.666666666666666
5,20,11.0
0,0,0
12,18,15.666666666666666
21,21,21.0
0,1,0.3333333333333333
12,24,18.0
2,15,8.666666666666666
1,41,25.333333333333332
11,19,15.0
20,20,20.0
0,22,9.833333333333334
23,23,23.0
11,11,11.0
9,9,9.0
8,14,11.333333333333334
5,5,5.0
2,25,13.6
0,0,0
7,14,10.5
0,18,9.0
1,14,9.75
3,8,5.5
21,26,23.5
18,18,18.0
4,6,5.0
38,38,38.0
6,23,11.666666666666666
9,17,13.0
12,39,24.666666666666668
0,19,7.0
0,0,0
6,9,7.5
4,25,14.5
10,30,17.666666666666668
5,16,10.5
0,0,0
1,16,11.0
9,14,11.666666666666666
0,0,0
15,29,20.666666666666668
5,5,5.0
8,11,9.5
1,13,8.333333333333334
3,44,21.5
15,15,15.0
1,21,11.2
0,0,0
9,26,19.0
18,18,18.0
3,24,12.0
1,12,7.666666666666667
9,29,17.25
1,29,14.0
13,13,13.0
3,30,9.5
19,19,19.0
5,5,5.0
19,27,23.0
7,42,24.25
5,15,10.0
8,19,14.333333333333334
20,23,21.5
0,0,0
1,23,12.0
17,17,17.0
19,27,23.0
8,23,16.666666666666668
20,21,20.5
0,42,15.333333333333334
11,16,13.5
13,13,13.0
10,27,19.5
7,42,19.0
14,31,22.5
10,19,14.333333333333334
14,14,14.0
4,19,9.25
9,27,14.333333333333334
14,23,17.0
10,10,10.0
8,8,8.0
14,25,20.5
29,29,29.0
5,16,11.666666666666666
5,45,25.0
12,12,12.0
9,28,16.0
18,21,19.666666666666668
5,44,24.666666666666668
9,13,11.0
3,36,12.5
0,0,0
5,9,6.6
14,29,19.333333333333332
43,43,43.0
20,20,20.0
8,8,8.0
11,26,19.0
13,41,30.0
4,34,23.666666666666668
5,12,8.5
7,24,14.333333333333334
8,24,18.75
15,15,15.0
26,33,29.5
1,13,7.0
21,22,21.5
13,26,18.0
51,51,51.0
10,47,27.0
4,37,18.5
0,0,0
2,15,9.666666666666666
6,17,11.5
0,21,13.0
0,0,0.0
7,34,17.333333333333332
6,27,17.0
3,14,8.5
3,29,16.333333333333332
2,2,2.0
4,11,7.333333333333333
19,39,27.25
6,46,20.25
15,39,21.25
9,19,15.0
0,0,0
8,20,14.0
5,5,5.0
1,11,7.0
3,42,21.333333333333332
3,21,13.5
4,9,6.5
14,42,27.666666666666668
2,29,13.2
16,20,18.0
16,16,16.0
11,32,22.5
16,16,16.0
9,33,21.0
10,20,15.0
2,7,4.5
2,25,10.5
9,34,20.0
20,23,21.666666666666668
10,19,14.5
13,40,24.5
0,12,7.333333333333333
17,26,20.333333333333332
10,47,26.0
5,29,18.75
10,28,17.333333333333332
10,37,23.5
0,0,0
13,46,27.333333333333332
0,0,0
4,18,9.0
4,22,14.8
7,43,19.333333333333332
6,8,7.0
15,15,15.0
10,35,24.0
6,18,11.666666666666666
0,28,14.666666666666666
5,43,20.75
1,33,17.0
1,30,18.0
12,14,13.0
11,24,17.5
1,15,9.666666666666666
19,20,19.5
11,29,17.75
17,17,17.0
5,26,15.5
0,0,0
4,38,18.375
1,11,6.0
37,37,37.0
4,10,7.666666666666667
0,0,0
7,32,14.4
27,27,27.0
3,26,14.0
11,30,20.666666666666668
19,25,22.0
11,33,20.666666666666668
3,3,3.0
8,21,13.666666666666666
6,14,10.0
16,32,23.5
8,8,8.0
11,36,22.333333333333332
7,30,18.333333333333332
1,4,2.3333333333333335
13,18,15.75
5,15,10.0
5,43,23.714285714285715
7,10,9.0
5,27,18.0
9,14,11.5
19,19,19.0
0,0,0
5,44,24.0
7,30,16.75
0,22,9.25
34,34,34.0
7,20,13.5
2,26,12.0
5,40,19.6
8,20,12.666666666666666
15,40,24.666666666666668
6,6,6.0
1,27,14.2
6,13,9.5
12,26,18.285714285714285
7,10,8.5
6,13,9.0
4,41,22.333333333333332
15,21,17.333333333333332
6,6,6.0
22,22,22.0
14,14,14.0
13,31,19.0
1,30,15.333333333333334
4,7,5.5
10,35,20.2
15,15,15.0
10,22,16.0
6,6,6.0
4,32,14.4
6,17,11.5
3,32,15.5
6,12,9.5
7,36,19.75
21,23,22.0
9,27,16.0
8,14,11.333333333333334
10,38,24.2
10,13,12.0
8,19,12.333333333333334
4,4,4.0
25,25,25.0
0,0,0
12,36,24.0
2,33,15.4
14,14,14.0
3,30,14.75
19,19,19.0
27,54,40.5
3,33,20.0
1,15,8.0
1,20,10.5
1,10,5.333333333333333
5,15,9.166666666666666
15,35,25.0
26,40,33.0
22,39,30.5
0,29,10.75
8,44,26.0
4,28,16.4
7,16,11.5
1,21,11.0
3,40,21.166666666666668
17,17,17.0
5,47,19.6
4,27,15.5
9,30,19.333333333333332
16,16,16.0
27,27,27.0
19,19,19.0
22,41,28.4
13,13,13.0
24,47,32.25
1,33,15.666666666666666
1,43,20.5
18,20,19.0
0,26,13.0
9,39,24.5
7,31,21.666666666666668
19,36,27.5
15,24,19.5
10,25,16.0
16,31,22.0
0,24,12.0
2,16,11.0
3,3,3.0
4,26,15.0
0,0,0
5,29,17.666666666666668
13,25,17.0
3,9,6.0
1,42,23.4
6,39,23.25
12,44,27.333333333333332
5,21,13.0
14,40,28.0
20,22,21.0
12,62,27.0
7,14,10.0
8,44,26.0
6,21,12.666666666666666
8,71,33.0
0,0,0
8,49,28.5
9,32,22.333333333333332
48,48,48.0
0,50,20.25
11,22,16.0
10,54,30.857142857142858
0,0,0
19,66,39.75
13,45,29.0
1,12,7.0
14,40,27.0
8,63,24.6
20,20,20.0
6,31,15.714285714285714
13,13,13.0
5,25,15.6
5,43,25.0
28,28,28.0
2,57,25.25
3,8,4.75
6,43,25.666666666666668
2,37,22.4
29,29,29.0
11,26,20.25
16,48,34.6
26,34,30.0
20,39,29.666666666666668
8,48,28.0
4,30,13.333333333333334
14,25,19.5
22,22,22.0
15,19,17.0
6,28,17.0
8,28,16.666666666666668
4,40,20.8
9,16,12.5
9,50,23.0
3,35,15.8
12,12,12.0
5,40,22.5
13,52,29.0
11,45,31.0
10,25,19.0
11,38,21.0
12,26,18.6
13,15,14.0
9,56,32.5
29,35,32.0
0,0,0
4,31,19.25
0,0,0
21,50,31.666666666666668
8,51,33.0
6,63,32.0
0,0,0
21,21,21.0
11,32,21.5
51,51,51.0
8,28,19.4
9,34,21.5
8,29,16.0
16,18,17.0
24,24,24.0
4,44,20.5
5,6,5.5
16,59,31.0
10,10,10.0
12,23,18.5
16,61,33.333333333333336
31,31,31.0
9,21,15.666666666666666
12,18,14.0
8,32,22.75
13,52,38.0
27,27,27.0
20,53,36.0
5,17,11.0
8,8,8.0
14,34,24.5
13,19,16.0
29,29,29.0
0,0,0
0,0,0
26,68,47.0
6,9,7.5
5,20,14.25
9,16,12.5
4,35,16.666666666666668
5,22,14.5
10,39,19.4
16,22,19.666666666666668
3,22,12.333333333333334
4,66,25.25
5,13,8.75
47,47,47.0
0,33,15.0
14,32,23.0
22,32,27.0
16,23,19.5
9,33,16.75
4,26,16.25
15,49,29.0
18,23,20.5
5,35,19.6
1,33,13.666666666666666
2,21,13.0
6,12,9.5
6,23,12.0
2,28,16.166666666666668
19,19,19.0
12,62,27.4
10,20,15.0
23,29,25.0
18,46,29.333333333333332
6,31,17.5
33,41,37.0
7,15,11.0
10,24,15.5
13,15,14.0
0,0,0
7,30,16.75
7,22,15.5
6,22,13.0
16,16,16.0
25,38,29.666666666666668
13,20,16.5
11,23,16.4
2,15,9.75
11,26,16.75
9,46,24.0
5,15,11.666666666666666
14,14,14.0
9,9,9.0
5,41,17.4
8,21,14.5
1,11,6.333333333333333
3,24,10.666666666666666
9,9,9.0
5,12,9.0
4,10,7.0
14,18,16.0
5,27,16.0
11,11,11.0
1,12,8.5
23,40,31.333333333333332
2,14,8.0
4,11,7.75
9,35,18.0
5,30,16.5
0,13,6.333333333333333
23,23,23.0
5,5,5.0
5,28,16.5
9,9,9.0
4,31,17.5
16,67,41.5
12,16,14.0
7,23,15.0
11,33,21.333333333333332
3,34,17.833333333333332
4,22,12.25
2,34,18.5
14,30,22.0
1,34,15.2
27,32,29.5
13,19,16.0
4,15,7.8
7,14,10.0
2,24,11.333333333333334
3,26,14.5
10,16,13.0
4,13,8.5
20,32,28.0
0,12,6.0
12,22,17.0
3,43,20.4
6,18,11.25
3,39,22.0
8,15,11.5
4,39,22.0
39,76,57.5
16,24,20.0
8,8,8.0
14,34,21.25
25,25,25.0
38,45,41.5
18,22,20.0
9,41,20.25
0,49,22.0
0,0,0
3,54,23.8
0,0,0
7,9,8.0
10,15,12.333333333333334
8,8,8.0
0,0,0.0
0,0,0
3,18,9.0
3,22,13.0
8,39,21.2
2,7,4.5
19,45,29.25
1,20,8.0
6,19,11.333333333333334
3,3,3.0
6,49,26.666666666666668
5,14,9.5
0,19,9.333333333333334
1,41,17.0
1,44,16.285714285714285
0,15,8.5
3,24,11.666666666666666
16,53,27.8
22,50,36.0
0,30,15.0
18,21,19.666666666666668
8,22,17.0
23,23,23.0
8,30,19.5
11,24,15.333333333333334
6,53,25.8
0,0,0
7,13,10.0
6,25,15.5
1,39,14.333333333333334
13,28,18.333333333333332
9,9,9.0
2,9,4.75
26,26,26.0
3,18,11.666666666666666
10,15,12.5
7,13,10.0
3,16,9.5
6,24,15.2
16,21,18.5
6,24,12.333333333333334
6,51,22.333333333333332
8,8,8.0
1,21,12.0
6,24,12.333333333333334
1,46,23.5
18,18,18.0
5,40,22.333333333333332
23,23,23.0
9,27,18.0
9,23,17.0
6,49,24.4
18,43,28.333333333333332
6,15,9.333333333333334
8,29,18.5
16,32,22.0
3,3,3.0
31,31,31.0
5,26,14.0
38,38,38.0
3,22,11.166666666666666
0,0,0
10,31,22.4
9,45,27.0
6,13,9.5
6,30,18.0
13,56,32.5
17,19,18.0
22,35,27.666666666666668
1,24,13.0
9,52,26.4
30,30,30.0
0,43,17.8
12,12,12.0
28,44,36.333333333333336
19,19,19.0
18,50,29.0
4,6,5.0
10,22,17.25
17,42,28.0
3,37,13.75
9,18,14.0
10,36,22.25
7,32,17.0
32,42,37.0
3,27,11.5
11,26,17.0
9,21,13.333333333333334
7,7,7.0
8,14,10.333333333333334
5,24,14.5
3,52,24.5
27,32,29.0
0,0,0
22,22,22.0
1,26,9.166666666666666
5,40,22.5
24,25,24.5
28,68,43.666666666666664
8,41,17.0
0,0,0
4,29,16.5
0,0,0
4,37,16.4
11,11,11.0
0,68,29.4
0,0,0
0,18,10.75
7,22,16.0
6,30,18.0
2,14,8.25
23,44,33.5
2,36,19.5
24,24,24.0
21,37,30.333333333333332
7,20,13.5
26,26,26.0
4,9,6.5
20,20,20.0
23,23,23.0
1,30,15.5
12,12,12.0
20,38,27.666666666666668
5,30,16.4
18,40,29.333333333333332
11,17,14.0
1,34,17.4
11,27,19.666666666666668
7,7,7.0
12,13,12.5
5,24,15.0
13,17,15.333333333333334
13,29,19.0
8,41,22.75
8,29,18.5
25,25,25.0
6,33,19.75
21,28,24.5
0,48,16.333333333333332
0,16,8.0
13,24,20.333333333333332
9,48,28.5
5,28,16.5
26,31,28.5
5,39,22.0
38,40,39.0
6,29,17.5
6,30,18.166666666666668
1,15,8.0
21,21,21.0
7,64,35.5
18,28,23.0
2,11,6.333333333333333
9,28,18.833333333333332
25,32,28.5
19,53,28.25
4,41,24.0
2,48,24.0
16,16,16.0
10,41,21.2
25,29,27.0
21,21,21.0
30,37,33.5
0,41,13.833333333333334
16,24,20.0
19,44,28.333333333333332
14,27,20.5
45,45,45.0
1,38,18.0
20,20,20.0
12,12,12.0
3,33,21.0
23,23,23.0
22,25,23.5
45,50,47.5
0,43,21.5
2,55,22.0
7,41,28.2
53,53,53.0
7,7,7.0
20,46,33.0
6,15,10.5
2,23,12.0
1,21,11.25
10,32,22.333333333333332
9,30,17.0
11,37,29.25
32,32,32.0
14,34,24.0
17,37,26.25
4,34,24.0
6,29,18.2
13,24,18.5
12,41,24.666666666666668
9,30,18.8
12,30,20.8
3,33,18.4
14,18,16.0
21,37,28.333333333333332
1,17,8.8
3,25,17.75
5,44,21.833333333333332
0,0,0
8,55,27.4
8,43,29.666666666666668
4,35,17.0
4,36,19.75
6,21,11.75
3,22,15.25
2,34,18.666666666666668
3,12,7.5
2,11,6.5
0,0,0
1,27,11.142857142857142
0,0,0
5,23,14.6
9,9,9.0
3,42,22.666666666666668
5,29,16.0
10,15,12.5
5,5,5.0
14,36,26.25
0,0,0
2,52,27.0
0,16,8.0
0,15,7.5
0,0,0
13,26,19.5
0,0,0
22,44,33.0
16,16,16.0
0,39,21.666666666666668
0,0,0
5,35,17.5
0,36,16.333333333333332
13,45,28.75
19,28,23.666666666666668
5,46,23.5
23,23,23.0
6,51,20.571428571428573
2,2,2.0
24,42,33.333333333333336
27,27,27.0
3,52,29.666666666666668
6,54,23.0
2,69,31.0
0,25,13.333333333333334
6,53,19.4
16,46,29.0
8,29,16.333333333333332
17,46,28.25
20,38,29.0
4,16,9.75
16,34,26.4
26,56,39.25
9,28,20.0
8,48,23.25
8,29,18.5
21,30,25.0
4,4,4.0
4,46,19.8
33,45,40.333333333333336
2,27,17.666666666666668
0,66,33.0
10,17,14.0
13,13,13.0
9,30,17.75
5,34,15.0
19,56,38.4
25,34,31.0
26,42,32.333333333333336
0,5,3.0
18,42,32.333333333333336
8,56,22.857142857142858
76,76,76.0
6,80,48.5
28,42,32.666666666666664
6,24,15.25
8,22,12.8
2,10,5.0
5,23,14.0
14,36,23.5
7,29,20.0
5,74,25.4
13,69,36.4
12,41,23.6
14,41,27.5
4,37,16.0
11,35,20.333333333333332
16,55,24.5
8,68,32.333333333333336
5,41,29.0
7,30,18.2
24,36,30.0
21,21,21.0
5,34,17.5
8,12,10.25
24,24,24.0
10,43,22.0
38,38,38.0
4,59,18.333333333333332
26,26,26.0
16,31,23.5
17,51,28.0
20,60,40.0
11,32,21.5
16,52,32.5
2,50,24.0
2,44,23.25
8,40,21.75
21,60,36.666666666666664
37,37,37.0
10,10,10.0
5,47,18.0
7,35,16.25
0,35,12.0
3,49,18.75
8,55,31.5
2,45,24.4
0,0,0
0,1,0.5
6,40,25.0
9,20,14.5
10,32,21.0
10,22,16.0
6,33,23.666666666666668
9,48,19.5
2,16,9.25
4,17,10.5
23,23,23.0
6,64,35.0
16,16,16.0
0,7,3.5
16,72,36.666666666666664
7,17,10.5
8,55,31.5
2,46,22.8
2,20,10.333333333333334
2,34,16.4
4,13,9.333333333333334
1,12,8.0
0,38,24.333333333333332
12,19,16.0
3,3,3.0
30,30,30.0
15,15,15.0
9,9,9.0
7,31,15.666666666666666
14,31,22.5
10,58,25.2
9,10,9.5
1,49,17.5
5,22,13.5
4,31,15.333333333333334
2,2,2.0
16,16,16.0
2,2,2.0
8,18,13.0
6,34,20.0
16,24,20.0
5,12,8.5
20,20,20.0
1,29,15.25
39,39,39.0
1,16,10.75
6,19,12.5
5,31,14.0
1,8,5.0
5,20,12.5
11,32,21.5
24,24,24.0
7,7,7.0
1,14,8.0
3,16,7.5
10,43,26.5
1,3,2.0
0,36,15.333333333333334
11,16,13.0
15,15,15.0
5,15,9.666666666666666
6,14,10.333333333333334
10,20,15.0
3,21,13.666666666666666
14,17,15.5
18,39,28.5
6,48,24.333333333333332
4,21,13.666666666666666
6,8,7.0
6,32,15.666666666666666
8,8,8.0
10,28,18.5
3,6,4.5
18,21,19.5
16,22,19.0
1,40,15.75
23,23,23.0
6,30,18.714285714285715
0,0,0
15,23,19.0
5,11,9.0
14,23,18.5
3,17,11.4
3,22,12.166666666666666
16,16,16.0
17,55,34.75
6,15,12.0
6,21,12.2
11,19,14.666666666666666
3,22,12.5
1,1,1.0
2,35,20.75
10,10,10.0
7,28,17.5
10,10,10.0
4,12,9.333333333333334
10,29,19.5
6,50,21.25
4,5,4.5
9,9,9.0
0,0,0
4,4,4.0
7,33,16.333333333333332
6,17,11.5
3,9,5.666666666666667
0,17,8.5
10,14,12.0
1,18,8.0
9,37,22.4
7,10,8.5
8,24,16.75
12,13,12.5
5,11,8.666666666666666
6,20,13.0
0,39,14.25
20,28,24.0
5,5,5.0
9,24,16.5
0,38,15.2
19,19,19.0
4,28,13.5
1,36,16.0
0,49,16.2
11,11,11.0
2,32,15.6
0,0,0.0
0,44,19.666666666666668
0,0,0
0,30,14.75
18,18,18.0
5,22,11.8
8,51,29.5
6,32,15.0
0,9,6.0
5,9,7.0
18,22,20.0
6,6,6.0
6,21,13.75
9,28,18.5
5,32,18.666666666666668
0,0,0
6,14,9.0
5,26,15.5
1,16,6.666666666666667
7,25,14.666666666666666
1,18,10.25
16,20,17.333333333333332
7,7,7.0
7,14,10.0
24,24,24.0
11,11,11.0
6,45,19.0
9,22,15.5
4,24,12.0
34,34,34.0
22,22,22.0
6,38,17.0
10,23,17.666666666666668
10,10,10.0
4,26,12.833333333333334
7,24,14.8
14,15,14.5
8,19,11.25
22,22,22.0
14,28,20.666666666666668
9,23,16.0
2,27,14.5
2,27,13.5
14,46,25.75
15,45,25.666666666666668
11,42,26.5
2,9,5.5
4,12,8.666666666666666
50,50,50.0
22,22,22.0
5,20,13.75
22,22,22.0
5,35,20.0
19,19,19.0
2,18,10.8
12,29,20.5
1,29,17.666666666666668
9,15,10.75
4,4,4.0
12,31,23.333333333333332
6,18,10.333333333333334
0,0,0
10,25,17.2
9,30,19.25
16,24,19.75
5,8,6.5
24,25,24.5
1,25,12.5
5,20,12.666666666666666
13,37,22.0
15,24,19.5
9,23,16.0
1,36,16.2
21,33,27.0
6,34,20.0
9,31,18.666666666666668
9,33,19.0
14,19,16.5
17,41,29.0
7,26,16.333333333333332
11,20,14.75
0,0,0
2,37,13.4
24,24,24.0
0,0,0.0
8,36,19.666666666666668
24,32,28.0
4,9,6.5
5,27,12.666666666666666
0,0,0
10,30,16.25
5,38,15.5
0,0,0
1,30,13.4
15,25,20.0
3,27,15.666666666666666
18,18,18.0
2,31,19.75
5,27,16.5
19,43,30.25
4,11,7.5
9,41,22.4
12,12,12.0
1,28,18.4
8,10,9.0
8,21,16.75
3,36,14.5
11,13,12.0
0,26,12.0
9,19,14.0
1,15,8.666666666666666
11,26,19.0
7,21,12.0
8,37,18.5
1,19,10.0
7,13,10.2
13,19,16.0
17,17,17.0
20,49,34.5
5,15,8.333333333333334
22,35,28.333333333333332
3,14,9.666666666666666
13,15,13.666666666666666
12,12,12.0
5,23,13.0
6,13,10.666666666666666
4,28,11.5
1,36,19.25
2,13,8.0
6,10,8.0
11,31,21.0
10,25,17.5
3,3,3.0
0,0,0
15,33,22.333333333333332
16,37,25.333333333333332
11,36,23.5
19,25,22.0
8,8,8.0
14,25,20.6
0,14,7.0
3,12,7.5
8,26,17.0
0,0,0
8,15,12.2
12,18,15.0
0,0,0
7,7,7.0
3,33,18.0
9,10,9.5
0,31,13.333333333333334
15,15,15.0
2,17,9.5
3,13,8.6
5,17,9.666666666666666
1,21,11.333333333333334
6,25,15.0
11,20,14.0
3,9,6.0
0,0,0.0
4,8,6.0
0,20,12.666666666666666
1,11,6.0
15,15,15.0
0,0,0
6,27,18.2
4,10,7.0
16,16,16.0
3,8,5.5
9,20,14.5
3,15,10.0
7,38,20.8
13,25,19.0
11,25,16.333333333333332
2,18,8.0
10,35,20.0
9,29,19.0
5,12,8.333333333333334
6,18,13.25
4,24,12.4
21,24,22.5
12,27,19.5
4,7,5.5
6,16,11.0
20,25,21.666666666666668
12,15,13.333333333333334
10,21,16.0
6,6,6.0
11,13,12.0
9,25,14.333333333333334
11,12,11.5
0,13,4.666666666666667
3,15,7.25
11,11,11.0
1,1,1.0
1,19,8.4
7,31,15.0
5,7,6.333333333333333
9,13,10.666666666666666
0,0,0
6,37,17.333333333333332
14,44,27.5
10,10,10.0
7,28,15.333333333333334
2,21,12.25
12,12,12.0
4,29,13.0
11,14,12.0
4,4,4.0
2,2,2.0
1,28,14.5
9,34,22.666666666666668
0,13,7.666666666666667
7,12,9.5
4,10,7.0
12,12,12.0
2,23,15.25
0,13,6.5
6,19,12.5
18,18,18.0
6,28,18.4
4,6,5.0
2,34,14.8
0,0,0
7,37,20.666666666666668
6,6,6.0
0,10,4.333333333333333
0,17,7.0
7,12,9.5
3,26,15.5
16,16,16.0
5,30,12.142857142857142
9,19,14.0
4,4,4.0
10,17,13.5
4,13,8.5
0,25,12.5
13,13,13.0
0,11,5.5
18,18,18.0
10,26,16.0
10,19,14.5
6,22,15.0
1,17,9.0
18,38,24.5
21,21,21.0
4,27,14.166666666666666
6,41,18.25
20,20,20.0
4,19,11.5
2,9,5.5
2,29,14.25
8,24,17.0
0,0,0
2,16,8.333333333333334
17,17,17.0
37,37,37.0
10,16,13.666666666666666
0,12,6.75
9,22,13.4
0,0,0.0
9,23,16.75
6,24,15.0
7,24,16.333333333333332
47,47,47.0
5,47,22.0
11,44,22.6
8,25,19.0
4,6,5.0
0,0,0
3,20,10.8
13,19,16.0
11,20,15.0
0,25,15.0
6,7,6.333333333333333
28,28,28.0
2,6,4.0
18,29,23.666666666666668
11,32,21.5
18,45,30.666666666666668
3,13,8.333333333333334
13,21,17.0
0,0,0
25,25,25.0
6,33,23.75
5,14,9.5
7,22,12.8
16,28,22.0
2,53,20.0
15,15,15.0
0,25,15.666666666666666
15,55,31.333333333333332
8,8,8.0
8,15,12.0
1,21,10.8
4,10,7.0
26,26,26.0
1,1,1.0
15,21,18.0
26,29,27.5
10,22,15.666666666666666
21,33,25.333333333333332
38,38,38.0
0,27,13.0
0,0,0
3,24,12.333333333333334
5,35,22.333333333333332
5,27,15.0
19,35,27.333333333333332
10,10,10.0
6,40,20.333333333333332
4,18,10.333333333333334
13,52,24.25
1,15,8.0
1,28,14.5
5,28,12.5
18,18,18.0
1,41,19.25
10,18,14.0
7,21,12.666666666666666
0,40,19.666666666666668
5,41,25.333333333333332
21,21,21.0
11,47,34.2
9,23,16.0
14,33,27.0
21,49,35.0
6,37,24.0
2,26,13.25
3,31,18.333333333333332
9,52,30.5
3,29,19.5
0,0,0
60,60,60.0
4,29,16.5
12,21,17.0
8,29,15.333333333333334
0,35,23.0
0,0,0
4,4,4.0
1,3,1.6666666666666667
26,33,29.5
9,9,9.0
4,34,21.833333333333332
0,43,16.75
10,12,11.0
14,31,22.5
11,30,18.666666666666668
3,38,19.25
1,33,17.0
10,26,19.666666666666668
21,24,22.5
24,27,26.0
0,38,16.333333333333332
12,34,23.0
13,33,20.25
1,20,10.5
7,24,16.142857142857142
14,14,14.0
10,25,17.5
20,20,20.0
6,6,6.0
17,35,26.0
19,31,25.0
3,18,11.0
8,8,8.0
0,0,0
9,27,20.333333333333332
2,13,5.666666666666667
11,24,16.0
3,29,17.0
24,28,26.0
0,0,0
0,12,7.666666666666667
12,12,12.0
3,32,12.5
24,24,24.0
10,21,17.0
5,41,23.0
7,23,13.666666666666666
5,13,9.0
6,31,15.333333333333334
4,20,12.0
12,12,12.0
4,17,8.333333333333334
16,16,16.0
2,31,12.666666666666666
0,36,18.0
7,11,9.0
0,52,15.25
10,30,18.0
1,27,13.25
8,29,16.666666666666668
9,33,22.8
5,5,5.0
16,30,22.0
14,20,17.0
21,22,21.666666666666668
6,30,18.0
1,1,1.0
12,18,15.0
18,20,19.0
1,13,8.666666666666666
12,16,14.0
0,22,11.666666666666666
7,29,13.75
3,38,19.25
6,8,7.0
8,13,10.5
18,18,18.0
3,25,11.833333333333334
2,20,11.0
3,14,8.5
8,27,16.833333333333332
9,23,14.0
19,19,19.0
14,28,21.0
9,12,10.5
14,28,21.0
4,32,18.0
1,12,6.666666666666667
0,0,0
12,27,15.2
31,31,31.0
5,26,17.25
7,12,10.0
11,16,13.166666666666666
0,0,0
2,18,12.333333333333334
4,4,4.0
14,14,14.0
5,12,8.5
0,0,0
4,28,14.0
12,22,17.333333333333332
4,12,7.0
7,7,7.0
13,32,22.5
11,11,11.0
9,9,9.0
4,17,8.0
23,36,29.5
7,23,15.333333333333334
5,9,7.0
1,1,1.0
8,19,12.333333333333334
4,10,7.333333333333333
2,20,9.0
12,16,14.0
9,13,11.0
8,38,23.0
14,35,24.5
27,27,27.0
2,18,9.333333333333334
0,0,0
8,8,8.0
8,16,12.0
5,13,9.0
0,12,6.666666666666667
0,13,7.25
0,0,0
23,32,27.5
4,4,4.0
1,15,8.0
18,18,18.0
3,3,3.0
2,19,9.25
5,7,6.0
0,0,0
7,7,7.0
6,35,19.25
12,17,14.5
2,23,12.0
4,27,12.25
4,15,8.5
3,20,11.5
7,7,7.0
13,17,15.0
6,23,15.25
1,14,9.5
4,18,9.6
2,18,11.0
11,26,16.75
3,13,8.333333333333334
0,16,8.0
0,4,2.0
1,28,15.428571428571429
1,13,7.0
7,25,14.0
0,0,0
4,10,7.0
0,32,16.75
3,12,7.5
9,19,13.5
2,12,7.0
12,18,14.25
6,16,11.0
22,22,22.0
13,17,15.0
3,31,17.0
9,26,17.5
18,26,22.0
12,19,15.5
9,18,13.5
0,0,0
5,27,12.8
2,24,10.4
15,23,19.0
4,20,10.333333333333334
3,18,12.666666666666666
19,22,20.5
7,17,12.0
2,40,25.0
6,21,13.5
10,41,24.4
6,20,13.0
1,52,24.333333333333332
13,28,19.0
16,29,21.0
19,19,19.0
18,24,22.0
18,18,18.0
7,22,13.2
8,21,16.0
17,20,18.5
13,13,13.0
2,26,15.333333333333334
0,8,4.0
16,43,29.5
11,17,14.0
7,31,19.0
5,5,5.0
17,31,25.0
10,39,22.75
0,37,11.75
3,26,14.2
15,25,20.25
5,22,13.0
4,32,14.333333333333334
3,30,11.4
13,30,22.0
6,41,23.5
22,22,22.0
13,27,20.0
13,29,21.0
3,20,14.333333333333334
5,12,8.5
0,0,0
9,18,14.666666666666666
0,32,11.666666666666666
1,28,15.25
19,19,19.0
7,13,10.0
4,18,11.0
0,0,0
6,26,15.666666666666666
11,11,11.0
7,29,17.4
6,24,17.0
16,21,18.5
4,33,17.333333333333332
5,33,20.0
15,16,15.5
16,24,20.0
8,29,20.666666666666668
11,23,17.0
1,1,1.0
14,27,20.666666666666668
12,12,12.0
16,24,20.0
3,3,3.0
5,21,13.0
8,23,14.666666666666666
1,54,22.5
4,20,9.666666666666666
4,8,6.0
18,34,26.0
21,21,21.0
5,12,8.5
18,18,18.0
1,25,17.4
0,14,7.0
8,26,15.6
13,35,26.333333333333332
5,23,15.0
11,11,11.0
12,12,12.0
10,39,25.333333333333332
10,11,10.5
6,35,17.8
8,25,15.5
12,36,24.0
9,18,14.666666666666666
3,15,8.333333333333334
13,20,17.333333333333332
8,43,20.0
10,25,16.5
14,14,14.0
9,22,17.5
15,31,20.666666666666668
18,23,20.5
3,15,9.5
10,23,16.333333333333332
0,26,13.0
6,23,13.333333333333334
9,21,13.25
2,37,14.25
5,13,9.0
0,0,0
4,30,14.285714285714286
18,20,19.0
0,14,6.333333333333333
2,16,8.0
8,20,12.666666666666666
15,26,19.0
15,23,20.0
8,8,8.0
9,37,17.166666666666668
2,18,9.0
17,17,17.0
15,15,15.0
10,29,16.25
14,14,14.0
7,14,10.666666666666666
16,16,16.0
0,20,9.4
10,10,10.0
9,21,15.25
10,18,14.0
4,4,4.0
5,26,18.666666666666668
8,18,13.666666666666666
3,26,14.8
11,22,16.5
4,32,16.0
6,20,12.5
7,10,8.5
6,22,12.333333333333334
4,20,12.8
5,20,10.666666666666666
15,22,18.5
14,14,14.0
15,18,16.5
5,14,9.5
6,12,8.666666666666666
2,25,14.25
11,21,17.0
5,36,19.6
8,8,8.0
1,13,7.5
3,29,15.333333333333334
0,12,5.75
2,36,19.0
8,8,8.0
4,28,16.0
3,20,13.333333333333334
24,24,24.0
1,40,14.25
10,10,10.0
0,21,10.5
0,8,3.0
4,31,16.333333333333332
3,13,9.666666666666666
18,51,30.2
0,0,0
1,32,19.5
40,40,40.0
9,45,26.5
48,48,48.0
5,38,21.5
29,29,29.0
5,5,5.0
9,24,15.6
37,37,37.0
11,11,11.0
8,35,21.5
1,1,1.0
4,26,15.0
3,15,9.666666666666666
8,58,26.0
3,8,5.333333333333333
9,23,14.5
16,16,16.0
0,0,0
1,1,1.0
2,28,12.0
2,17,10.0
1,23,14.25
22,22,22.0
3,4,3.3333333333333335
15,50,32.5
19,26,22.0
17,47,32.0
13,25,18.666666666666668
13,21,17.0
19,30,23.0
0,0,0
7,18,12.2
13,29,21.0
27,27,27.0
5,32,17.833333333333332
5,5,5.0
11,28,17.75
19,32,25.0
2,15,9.5
13,22,17.0
12,17,14.5
1,21,9.0
4,4,4.0
1,21,8.5
3,34,19.0
12,12,12.0
2,37,16.4
16,30,22.666666666666668
42,42,42.0
11,25,16.2
5,31,13.5
5,5,5.0
1,23,10.666666666666666
20,28,24.0
0,0,0
4,42,22.4
1,14,5.75
7,33,25.0
24,24,24.0
24,60,33.5
12,40,26.0
0,43,20.0
1,1,1.0
9,29,17.333333333333332
9,26,17.333333333333332
3,20,12.2
3,3,3.0
9,51,23.666666666666668
9,44,25.2
18,43,30.5
13,13,13.0
1,36,18.5
12,28,20.5
43,43,43.0
3,36,13.166666666666666
0,0,0
3,34,20.5
15,43,29.0
20,32,27.0
16,33,24.5
5,25,11.6
14,20,17.0
26,26,26.0
14,15,14.5
2,29,16.0
7,33,20.0
10,20,13.666666666666666
8,17,13.5
0,21,13.0
6,24,14.333333333333334
10,40,26.6
2,2,2.0
9,35,19.5
10,18,14.0
3,8,6.333333333333333
11,14,12.5
1,47,22.8
24,29,26.5
6,22,11.666666666666666
0,0,0
8,21,14.333333333333334
11,25,17.666666666666668
15,31,21.666666666666668
13,13,13.0
11,11,11.0
4,26,11.25
19,27,23.0
9,20,14.5
3,26,16.4
13,14,13.5
7,27,15.0
3,12,6.0
3,31,15.714285714285714
0,0,0
24,30,26.666666666666668
26,46,36.0
17,17,17.0
3,35,23.0
4,38,21.0
4,50,24.5
9,9,9.0
3,37,18.0
4,33,21.75
7,46,22.666666666666668
3,28,21.8
17,24,20.5
4,28,15.5
2,19,10.5
0,35,22.0
4,27,12.666666666666666
19,35,27.0
12,18,15.0
5,20,12.5
15,28,21.0
2,2,2.0
0,22,12.5
36,36,36.0
1,1,1.0
41,41,41.0
1,51,15.142857142857142
0,0,0
1,1,1.0
21,34,27.5
8,17,12.5
11,18,14.5
11,16,13.5
16,40,24.333333333333332
18,18,18.0
9,15,12.0
1,26,17.333333333333332
19,19,19.0
13,34,21.333333333333332
0,0,0
16,41,27.8
27,27,27.0
0,20,13.333333333333334
10,25,17.5
0,13,8.666666666666666
0,0,0
23,48,32.2
7,31,18.0
2,30,18.333333333333332
14,21,17.5
5,16,11.2
14,23,18.5
5,17,9.333333333333334
20,20,20.0
0,19,9.75
2,31,14.0
4,31,14.5
6,30,16.666666666666668
5,6,5.666666666666667
10,40,25.0
7,36,21.166666666666668
4,12,9.0
25,25,25.0
45,45,45.0
1,23,11.0
1,16,7.0
12,12,12.0
3,19,13.0
5,18,11.0
9,21,16.0
8,17,12.0
14,24,19.0
10,10,10.0
23,51,37.0
15,18,16.5
17,29,24.0
13,26,19.5
11,41,25.25
11,21,16.5
9,13,10.666666666666666
10,37,21.4
2,10,5.333333333333333
7,7,7.0
10,39,24.5
6,22,14.4
6,14,10.0
12,21,15.75
13,26,18.333333333333332
12,17,14.5
10,21,15.5
10,19,14.0
2,32,15.0
8,26,17.666666666666668
8,8,8.0
6,13,9.5
7,28,17.5
5,20,12.5
9,17,13.0
9,11,10.0
3,25,11.666666666666666
0,24,11.0
7,11,9.0
22,25,23.5
7,46,24.25
8,37,18.0
7,24,16.333333333333332
7,7,7.0
0,0,0
7,20,14.2
9,9,9.0
3,30,14.0
16,16,16.0
24,38,31.0
1,1,1.0
5,38,17.75
7,7,7.0
7,11,9.0
0,0,0
2,19,11.125
16,18,17.0
5,7,6.0
15,15,15.0
31,32,31.5
12,38,22.666666666666668
26,44,33.333333333333336
5,13,9.0
21,33,27.0
23,24,23.5
18,46,32.0
28,37,31.5
13,13,13.0
12,25,18.5
14,40,23.5
14,28,23.25
15,41,28.333333333333332
4,30,14.75
2,24,13.666666666666666
5,27,19.0
9,31,18.5
9,19,12.25
12,26,19.0
5,25,16.8
6,11,8.5
3,39,21.6
6,29,15.0
4,21,13.333333333333334
21,38,29.5
18,28,23.0
4,29,16.5
9,21,15.0
22,22,22.0
0,29,18.0
34,49,41.5
13,39,25.0
1,1,1.0
6,27,16.333333333333332
5,29,17.0
12,35,22.333333333333332
8,45,22.0
7,46,26.5
4,33,16.333333333333332
9,46,22.0
7,28,16.333333333333332
7,20,12.333333333333334
18,18,18.0
5,66,35.5
6,31,19.333333333333332
28,64,44.5
8,22,13.0
10,27,16.0
10,72,32.5
3,11,7.0
9,40,24.666666666666668
0,0,0
6,39,18.25
9,9,9.0
2,29,11.333333333333334
1,14,8.25
0,0,0
5,30,15.0
10,10,10.0
11,46,28.5
12,44,27.5
10,42,26.0
20,23,21.5
3,20,11.5
7,19,11.666666666666666
17,59,38.0
15,30,22.5
2,48,21.666666666666668
34,48,41.0
6,38,22.8
0,8,4.666666666666667
7,46,26.5
7,39,28.0
1,7,3.6666666666666665
7,30,15.666666666666666
20,20,20.0
5,16,11.0
0,0,0
5,56,22.333333333333332
3,31,17.666666666666668
8,59,25.75
4,35,13.75
10,10,10.0
21,21,21.0
7,28,20.666666666666668
6,13,10.333333333333334
6,26,15.8
10,36,22.166666666666668
14,14,14.0
11,24,15.666666666666666
9,42,26.25
3,33,15.25
0,0,0.0
1,12,6.5
28,28,28.0
0,47,18.428571428571427
0,0,0
8,22,15.0
46,46,46.0
7,17,13.333333333333334
4,49,23.333333333333332
44,47,45.5
0,36,23.0
16,16,16.0
3,18,13.0
12,12,12.0
8,16,11.666666666666666
7,44,25.6
11,52,25.25
3,59,21.5
1,9,5.0
3,19,11.25
25,25,25.0
7,34,20.5
1,50,20.4
1,23,14.333333333333334
7,31,15.2
11,11,11.0
6,47,26.5
15,19,17.0
5,18,11.0
25,25,25.0
21,21,21.0
9,20,12.5
6,26,13.0
25,25,25.0
9,19,14.666666666666666
40,49,44.5
9,16,12.5
3,27,15.333333333333334
0,0,0
1,39,15.75
2,37,15.75
14,46,28.4
3,45,22.75
18,24,21.0
8,25,14.2
1,30,14.25
5,44,22.0
12,32,19.666666666666668
10,24,17.0
24,33,28.5
0,32,11.4
9,24,16.333333333333332
4,24,14.0
4,25,16.333333333333332
4,30,15.666666666666666
0,0,0
0,10,6.333333333333333
0,24,12.75
15,38,26.5
0,0,0
37,37,37.0
6,44,21.6
14,35,24.5
18,18,18.0
13,26,18.25
1,10,5.5
10,32,17.333333333333332
9,11,10.0
6,32,15.5
17,41,32.333333333333336
2,38,14.0
0,0,0
6,34,22.666666666666668
8,17,12.5
14,37,25.5
29,29,29.0
2,11,8.75
9,20,14.5
8,15,11.5
13,13,13.0
5,47,31.333333333333332
7,8,7.5
17,28,22.5
6,25,15.5
7,54,22.5
16,40,28.0
16,53,38.666666666666664
11,33,21.6
8,14,11.0
5,13,9.333333333333334
17,33,25.0
32,32,32.0
43,43,43.0
11,21,16.25
9,24,18.0
14,14,14.0
18,38,26.666666666666668
14,55,31.0
11,28,19.833333333333332
9,43,23.4
0,0,0
7,32,19.0
12,16,14.0
9,39,24.333333333333332
11,18,15.333333333333334
25,28,26.5
16,50,33.0
15,15,15.0
12,49,27.833333333333332
6,39,25.75
20,35,27.25
15,28,21.5
9,24,16.5
13,36,17.714285714285715
11,11,11.0
25,34,29.5
9,36,21.5
8,17,12.0
13,43,22.5
27,27,27.0
6,18,11.333333333333334
25,25,25.0
10,45,23.75
13,49,25.333333333333332
11,22,16.6
0,0,0.0
4,14,10.25
21,33,27.0
17,35,25.333333333333332
16,26,20.0
30,40,35.0
14,21,17.5
16,23,20.0
9,26,16.666666666666668
22,28,25.0
0,39,14.75
0,0,0
8,54,29.6
6,25,18.6
1,34,11.6
32,32,32.0
12,39,21.333333333333332
3,38,16.5
8,14,10.75
20,20,20.0
9,29,17.25
10,33,22.666666666666668
10,15,13.333333333333334
19,19,19.0
8,8,8.0
5,5,5.0
38,38,38.0
13,27,20.0
2,30,18.0
8,20,14.0
14,36,28.0
9,16,12.5
9,20,14.5
23,32,27.5
8,22,15.0
12,44,29.666666666666668
11,23,17.0
16,43,29.333333333333332
3,28,11.8
31,41,36.0
14,15,14.5
21,32,27.666666666666668
10,21,17.25
15,56,26.25
9,29,19.0
7,20,11.333333333333334
10,26,20.25
3,10,6.5
5,30,16.0
0,0,0
2,36,24.5
37,37,37.0
0,0,0.0
28,38,31.333333333333332
0,0,0
14,67,31.875
23,23,23.0
15,37,23.75
3,29,16.0
12,47,25.333333333333332
3,20,11.5
10,14,12.0
0,0,0
1,32,16.5
11,41,27.5
0,0,0
26,43,34.5
10,24,17.0
20,28,25.0
11,26,18.4
4,19,10.333333333333334
3,23,12.0
3,31,12.25
17,59,38.0
10,20,14.333333333333334
15,48,28.333333333333332
2,12,7.0
3,28,15.0
17,24,20.5
19,19,19.0
17,37,29.0
3,14,8.5
7,31,19.25
18,34,27.333333333333332
28,31,29.5
5,38,16.0
25,25,25.0
44,44,44.0
23,63,36.6
11,37,20.666666666666668
23,23,23.0
12,31,23.666666666666668
0,0,0
15,48,29.666666666666668
1,24,9.666666666666666
18,19,18.5
7,45,28.25
0,10,6.666666666666667
9,9,9.0
16,44,32.25
11,11,11.0
3,42,16.428571428571427
0,0,0
9,39,20.5
4,24,16.666666666666668
30,42,36.0
2,44,26.0
27,27,27.0
8,35,19.0
0,0,0
8,13,10.5
11,30,21.0
3,42,19.333333333333332
24,60,39.4
20,41,30.5
4,44,24.0
13,42,28.333333333333332
0,53,28.0
11,43,21.666666666666668
29,29,29.0
4,13,9.333333333333334
22,51,36.5
33,33,33.0
9,42,25.5
11,32,20.666666666666668
6,17,11.0
24,38,31.0
49,49,49.0
16,43,26.25
0,0,0
22,22,22.0
36,50,43.0
12,35,21.0
22,28,25.0
16,35,25.5
13,29,21.0
15,48,31.5
0,25,11.2
17,41,29.75
6,10,8.0
11,20,14.333333333333334
2,32,19.5
1,57,28.333333333333332
23,27,25.0
20,25,22.25
5,33,20.333333333333332
0,20,10.0
19,34,23.25
2,22,12.0
28,30,29.0
0,23,12.5
12,16,14.0
12,20,16.25
8,35,25.333333333333332
6,45,22.0
15,50,37.666666666666664
20,20,20.0
5,5,5.0
2,25,11.5
33,45,37.666666666666664
5,10,7.5
18,33,27.0
18,31,24.0
3,17,8.666666666666666
6,30,20.2
17,65,32.75
0,33,11.25
1,41,13.8
3,22,12.0
8,14,11.0
0,31,13.0
0,0,0
0,0,0
5,15,10.6
0,0,0
4,23,10.25
20,20,20.0
2,22,11.0
0,0,0
5,39,20.5
15,23,19.0
8,35,23.666666666666668
13,64,32.8
15,33,24.0
13,13,13.0
12,12,12.0
10,35,23.333333333333332
14,22,18.0
15,44,29.5
10,34,22.0
2,31,18.333333333333332
35,35,35.0
2,42,28.0
8,18,13.0
2,22,10.0
9,17,13.0
9,30,22.666666666666668
9,31,19.75
9,38,23.666666666666668
5,20,14.666666666666666
20,20,20.0
8,30,19.5
7,7,7.0
5,48,19.0
10,22,15.75
19,35,27.25
0,26,13.0
2,34,16.25
21,38,28.2
0,19,9.5
6,49,28.0
2,57,22.2
27,27,27.0
10,37,20.333333333333332
36,36,36.0
11,25,18.0
15,15,15.0
4,4,4.0
20,20,20.0
12,15,13.5
34,35,34.5
4,32,22.333333333333332
6,40,20.0
23,31,27.0
23,23,23.0
9,32,20.5
9,32,20.5
19,33,27.333333333333332
1,35,15.6
4,46,26.75
5,38,27.166666666666668
12,16,14.0
4,22,12.75
13,44,31.6
1,1,1.0
7,38,22.4
18,21,19.333333333333332
6,31,18.5
12,12,12.0
28,73,43.0
18,48,29.75
9,34,24.0
7,28,13.75
22,39,27.666666666666668
1,40,18.666666666666668
16,16,16.0
10,49,31.0
6,32,18.25
27,29,28.0
0,32,15.25
5,38,17.75
18,31,25.666666666666668
3,43,19.666666666666668
5,73,23.75
6,27,19.0
15,46,26.0
25,50,34.75
7,7,7.0
23,35,28.0
27,27,27.0
9,27,18.333333333333332
14,38,22.333333333333332
23,39,31.0
11,11,11.0
10,21,15.5
4,18,12.666666666666666
16,27,21.25
5,40,21.5
1,14,7.5
6,30,16.4
25,25,25.0
10,39,20.8
6,39,24.0
3,3,3.0
13,37,22.375
21,21,21.0
8,27,20.166666666666668
13,13,13.0
7,21,16.5
10,14,12.666666666666666
10,24,17.0
1,20,9.0
3,12,8.666666666666666
29,29,29.0
3,31,17.0
21,21,21.0
2,26,12.8
24,26,25.0
9,35,19.5
15,29,20.333333333333332
0,23,9.333333333333334
12,12,12.0
3,22,15.0
0,19,8.2
11,11,11.0
14,51,29.0
15,23,19.666666666666668
8,32,20.0
11,22,15.0
6,38,22.0
6,22,12.5
19,34,27.666666666666668
1,11,6.0
36,36,36.0
6,12,9.666666666666666
8,13,10.5
0,26,11.166666666666666
11,44,27.0
7,11,8.666666666666666
17,28,20.75
16,16,16.0
1,10,5.5
31,31,31.0
9,18,14.0
35,35,35.0
6,34,20.0
4,14,9.0
16,16,16.0
0,0,0
35,35,35.0
3,14,9.0
15,15,15.0
0,28,11.6
17,32,24.5
7,19,12.0
23,43,29.666666666666668
27,27,27.0
0,0,0
7,50,22.333333333333332
11,41,27.0
0,24,11.0
23,23,23.0
11,23,17.0
17,22,19.5
10,58,34.0
25,30,27.5
17,54,30.333333333333332
9,27,15.8
17,49,33.0
32,32,32.0
15,16,15.5
14,37,21.75
0,39,18.0
6,6,6.0
19,36,27.333333333333332
21,40,30.5
10,22,17.75
16,39,23.75
6,46,25.0
15,56,30.75
6,37,21.5
16,24,19.75
4,6,5.0
5,5,5.0
18,40,27.4
22,25,23.5
2,60,21.166666666666668
0,0,0
7,66,31.75
18,34,28.333333333333332
4,30,16.5
26,28,27.0
5,53,36.666666666666664
18,18,18.0
1,11,6.0
28,28,28.0
0,0,0
21,34,28.75
15,15,15.0
12,53,29.0
24,24,24.0
1,37,15.666666666666666
8,37,22.0
3,10,6.5
7,53,21.5
4,21,15.0
27,27,27.0
23,37,30.0
24,36,30.0
11,18,14.5
10,26,16.75
10,28,18.4
27,65,37.75
4,35,19.25
7,31,18.0
13,24,19.666666666666668
9,18,13.5
8,24,16.5
6,24,15.0
11,42,20.75
0,0,0.0
11,60,25.6
36,36,36.0
14,23,18.5
24,24,24.0
9,39,24.428571428571427
16,25,20.5
2,30,16.0
1,25,14.0
6,23,14.5
15,23,19.0
7,26,16.75
18,21,19.5
0,20,10.25
2,34,14.0
2,26,14.666666666666666
7,7,7.0
4,32,15.75
6,28,18.0
14,43,32.0
8,31,19.5
6,26,16.0
22,38,31.2
15,29,22.0
14,47,26.6
9,42,25.25
4,14,9.0
8,10,9.0
10,11,10.5
11,32,21.0
11,32,18.75
0,0,0
17,30,23.6
24,24,24.0
2,2,2.0
0,71,31.0
4,37,23.333333333333332
13,37,23.0
21,63,34.0
23,37,30.0
16,31,23.5
21,67,39.25
16,36,21.6
7,29,17.25
20,47,33.0
9,44,25.0
30,50,37.666666666666664
22,43,32.0
13,37,22.0
14,31,22.5
7,85,33.666666666666664
5,25,16.75
16,19,17.666666666666668
15,47,30.25
4,19,11.5
4,33,22.0
5,15,10.75
3,28,15.5
22,32,27.0
8,38,23.75
31,31,31.0
5,30,19.5
7,33,20.666666666666668
8,41,27.333333333333332
16,24,20.0
12,48,23.5
20,43,31.5
7,37,19.2
18,36,25.666666666666668
18,53,29.75
11,55,35.8
5,21,13.0
14,61,32.4
7,39,26.6
0,0,0
15,38,24.75
7,55,24.666666666666668
41,41,41.0
19,51,35.333333333333336
2,34,16.75
6,37,23.4
0,20,14.2
3,53,30.75
6,62,26.142857142857142
26,26,26.0
18,24,20.333333333333332
17,18,17.5
5,32,17.333333333333332
12,20,16.0
13,25,19.0
10,45,27.5
6,58,36.0
10,52,27.25
0,50,22.25
0,0,0
7,20,13.5
19,49,29.8
17,42,29.5
6,29,17.5
21,31,25.666666666666668
4,74,33.0
10,36,25.333333333333332
6,45,25.5
1,44,23.25
12,19,15.5
21,32,26.5
14,66,40.0
8,36,21.0
12,42,27.25
8,41,23.333333333333332
20,32,25.6
5,21,10.4
6,28,13.666666666666666
18,20,19.0
8,25,16.5
8,42,23.0
8,8,8.0
7,51,22.5
0,0,0
25,67,38.0
6,18,12.0
3,56,28.666666666666668
1,63,27.666666666666668
7,38,23.0
33,33,33.0
9,41,26.25
24,24,24.0
3,39,21.0
8,44,26.0
6,48,27.0
13,28,21.333333333333332
6,7,6.5
7,39,16.8
30,30,30.0
0,40,19.142857142857142
15,36,25.666666666666668
9,44,24.2
28,48,37.25
19,19,19.0
9,28,18.2
38,38,38.0
20,20,20.0
3,27,15.0
17,30,23.75
55,55,55.0
12,23,16.75
9,16,12.5
35,41,38.0
6,12,9.25
8,24,17.75
37,37,37.0
9,34,24.333333333333332
4,48,17.142857142857142
35,39,37.0
17,28,22.5
14,18,16.0
21,43,29.333333333333332
6,6,6.0
7,19,11.6
16,41,28.5
37,51,44.0
5,44,20.4
5,28,17.666666666666668
4,47,25.5
11,45,27.333333333333332
7,7,7.0
20,46,29.666666666666668
24,34,29.0
0,0,0
3,31,17.25
7,44,19.25
8,49,28.0
53,53,53.0
28,35,31.5
23,73,48.0
0,46,22.666666666666668
0,45,22.5
10,32,20.75
9,25,15.8
7,58,30.333333333333332
17,17,17.0
13,35,22.333333333333332
16,60,32.2
17,36,25.0
6,30,17.25
6,27,15.0
9,12,10.333333333333334
11,24,17.8
12,32,19.666666666666668
7,53,31.4
26,43,32.75
14,69,32.666666666666664
8,65,26.2
5,32,18.333333333333332
8,58,33.333333333333336
10,72,36.0
5,42,25.142857142857142
18,25,21.5
11,14,12.5
5,62,31.5
5,54,22.2
8,44,22.25
4,23,16.0
15,36,29.0
0,0,0
4,9,6.5
26,34,30.666666666666668
15,39,27.0
3,33,20.4
24,32,28.0
12,33,21.5
10,32,17.333333333333332
1,38,19.5
13,13,13.0
0,24,12.0
19,60,28.4
25,37,31.0
10,10,10.0
2,42,22.75
23,23,23.0
34,34,34.0
10,10,10.0
0,30,12.666666666666666
11,22,16.5
11,53,26.4
12,33,23.333333333333332
26,37,31.5
3,43,21.0
33,33,33.0
9,30,19.5
0,0,0
18,41,30.0
8,8,8.0
7,35,24.0
17,28,22.0
4,14,9.75
9,42,24.333333333333332
1,38,13.6
9,34,18.5
4,9,6.5
6,20,11.0
28,28,28.0
20,24,22.0
1,83,25.5
9,42,25.5
32,32,32.0
19,22,20.5
10,21,17.0
17,26,22.0
23,23,23.0
18,18,18.0
1,5,3.25
22,36,29.0
14,32,24.25
0,0,0
14,49,30.0
18,18,18.0
5,65,25.0
10,26,18.0
28,28,28.0
7,40,18.0
49,49,49.0
6,16,11.0
27,34,30.5
23,26,24.5
12,20,16.0
2,28,17.6
0,0,0
4,15,8.333333333333334
0,0,0
12,12,12.0
6,66,38.25
35,35,35.0
2,28,12.166666666666666
15,19,17.0
9,49,28.8
25,25,25.0
2,45,25.25
1,41,19.666666666666668
5,26,16.25
8,23,15.0
18,18,18.0
8,44,25.833333333333332
0,0,0.0
7,44,25.5
7,11,9.333333333333334
2,71,33.8
0,0,0
2,32,15.666666666666666
24,40,33.0
48,55,51.5
1,27,10.4
3,27,15.0
13,20,15.333333333333334
8,75,33.25
4,17,10.5
3,28,17.75
1,23,10.75
16,46,31.0
39,39,39.0
24,43,34.0
12,67,32.666666666666664
4,39,21.25
4,28,13.0
4,4,4.0
1,63,22.75
22,32,27.0
3,15,7.0
20,40,30.0
1,28,10.5
3,6,4.5
2,27,12.8
2,38,20.0
21,21,21.0
11,41,24.333333333333332
16,30,23.0
14,14,14.0
6,32,15.6
22,55,38.5
28,28,28.0
0,32,16.0
0,0,0
10,21,15.666666666666666
2,18,10.0
9,42,24.5
10,16,13.0
12,14,13.0
4,55,25.5
5,41,21.25
2,17,6.5
5,40,18.25
5,30,17.5
0,54,20.4
13,13,13.0
8,27,20.0
32,32,32.0
4,17,8.666666666666666
10,39,26.666666666666668
26,41,33.5
3,22,13.25
0,0,0
12,18,15.0
7,28,14.75
22,34,28.0
0,0,0
6,45,29.0
16,25,20.5
8,14,10.0
29,29,29.0
2,38,17.4
6,58,25.666666666666668
4,10,7.0
7,21,14.0
24,57,41.0
11,20,15.5
0,35,16.666666666666668
4,4,4.0
14,29,20.0
24,24,24.0
4,54,23.8
10,10,10.0
6,25,17.666666666666668
5,53,24.333333333333332
14,20,16.0
6,20,11.0
12,99,55.5
2,10,6.0
0,17,10.333333333333334
11,11,11.0
11,18,13.333333333333334
10,50,28.833333333333332
3,54,32.833333333333336
4,34,20.4
6,14,10.0
3,29,16.0
8,8,8.0
11,23,17.0
8,14,12.0
10,12,11.0
0,25,11.333333333333334
0,21,13.666666666666666
4,39,24.5
9,23,16.0
12,28,20.0
0,21,11.333333333333334
5,34,19.0
11,47,33.4
13,21,17.0
38,38,38.0
22,30,26.25
13,16,14.5
16,77,37.0
14,15,14.25
9,30,21.2
3,37,18.4
16,31,22.333333333333332
14,35,22.5
16,16,16.0
10,25,18.333333333333332
30,30,30.0
11,20,14.0
27,27,27.0
6,35,20.666666666666668
21,63,33.25
9,43,21.5
17,31,24.0
8,30,19.0
0,0,0
15,42,23.5
19,27,23.0
4,22,16.0
1,18,9.5
24,61,37.333333333333336
9,30,16.666666666666668
0,0,0
4,54,21.333333333333332
3,3,3.0
15,23,19.0
10,46,27.666666666666668
9,46,23.166666666666668
5,37,21.0
5,33,18.6
5,38,20.666666666666668
23,53,35.666666666666664
13,17,15.0
19,19,19.0
60,60,60.0
0,0,0
11,34,22.5
6,31,18.5
9,14,12.0
20,20,20.0
25,25,25.0
9,19,14.0
12,25,17.75
5,15,9.0
5,25,15.333333333333334
9,36,22.5
17,39,31.0
6,8,7.0
15,25,21.333333333333332
23,73,39.0
5,17,10.666666666666666
21,21,21.0
0,52,23.0
15,36,26.0
7,62,34.5
13,71,37.0
11,12,11.5
5,50,22.6
2,21,11.75
12,26,19.0
26,63,45.0
23,38,27.75
14,30,21.0
20,23,21.5
12,51,31.5
21,26,23.0
2,21,11.5
9,11,10.0
4,17,11.5
29,29,29.0
0,39,16.0
9,42,25.5
6,6,6.0
6,25,15.6
18,20,19.0
8,16,12.0
21,38,27.666666666666668
3,24,9.8
25,48,36.5
1,17,11.333333333333334
1,44,19.75
9,18,14.333333333333334
15,26,20.5
1,42,20.714285714285715
15,25,20.0
7,27,19.666666666666668
10,42,31.75
8,21,15.333333333333334
19,21,20.0
6,42,21.0
2,31,14.4
8,34,24.0
0,0,0
6,24,15.0
7,49,28.0
11,25,17.5
5,74,33.666666666666664
9,39,23.8
5,37,20.0
2,66,25.333333333333332
41,55,48.666666666666664
5,12,8.0
3,60,19.25
11,20,15.5
2,44,18.4
0,30,13.666666666666666
12,34,20.0
19,19,19.0
17,54,31.666666666666668
8,8,8.0
10,59,30.4
8,37,17.0
11,38,22.8
13,24,20.0
5,26,14.6
13,29,19.0
6,89,34.333333333333336
16,16,16.0
3,54,24.5
3,3,3.0
3,43,22.0
0,50,17.0
5,5,5.0
8,31,20.2
12,20,16.0
23,33,28.0
0,0,0
7,25,13.6
6,28,17.0
7,32,16.0
12,36,24.0
6,27,16.0
1,16,9.333333333333334
4,27,12.333333333333334
25,34,29.5
10,20,15.0
8,13,10.25
3,27,12.0
23,23,23.0
2,20,14.5
12,28,19.0
10,12,11.0
8,25,15.333333333333334
10,18,14.0
7,24,13.75
11,33,21.75
7,26,13.333333333333334
15,31,21.0
0,0,0
13,29,22.666666666666668
15,15,15.0
13,38,21.666666666666668
7,14,10.75
8,23,15.5
1,16,8.5
6,23,13.666666666666666
12,56,26.4
9,27,15.666666666666666
24,33,28.333333333333332
2,10,6.0
2,46,18.285714285714285
11,29,17.25
1,25,12.75
7,30,17.166666666666668
1,19,9.666666666666666
0,0,0
2,6,4.0
2,26,11.25
15,41,28.0
28,28,28.0
11,52,26.75
22,55,39.333333333333336
1,21,11.666666666666666
3,23,13.0
10,10,10.0
21,49,35.0
10,10,10.0
7,21,16.0
31,49,37.0
24,37,30.0
10,10,10.0
4,8,6.0
25,40,32.5
9,29,16.0
6,20,13.0
4,31,13.666666666666666
0,0,0
2,12,7.25
4,44,16.2
13,23,18.0
14,36,25.0
19,19,19.0
18,40,25.666666666666668
4,4,4.0
3,39,22.5
0,19,10.0
12,23,15.666666666666666
9,9,9.0
4,31,15.166666666666666
21,30,25.5
3,3,3.0
5,10,6.666666666666667
3,32,17.5
7,33,16.666666666666668
11,57,27.0
3,25,14.0
9,9,9.0
2,24,13.0
0,0,0
3,34,14.666666666666666
14,18,15.666666666666666
7,40,23.5
5,25,15.0
22,31,26.5
12,12,12.0
16,50,27.0
4,4,4.0
27,49,37.333333333333336
11,48,30.666666666666668
14,21,18.0
17,44,29.333333333333332
4,29,17.0
0,0,0
13,50,30.4
2,37,18.25
0,0,0
3,23,13.0
2,14,8.666666666666666
14,43,28.666666666666668
7,28,16.0
13,28,20.5
5,44,26.0
5,30,16.666666666666668
0,0,0
5,53,20.8
14,20,16.333333333333332
16,23,19.5
0,37,12.666666666666666
8,29,19.333333333333332
3,30,18.0
5,15,10.0
23,30,26.333333333333332
0,25,14.0
4,36,16.0
11,11,11.0
8,18,12.0
2,23,11.666666666666666
12,41,24.6
12,19,15.0
10,27,18.5
16,31,26.0
9,28,18.25
1,47,20.666666666666668
9,15,11.666666666666666
1,24,14.5
17,26,21.666666666666668
0,0,0
4,16,10.0
8,30,16.0
10,54,25.75
5,36,20.5
0,0,0
29,34,31.333333333333332
10,26,18.0
19,35,26.333333333333332
3,13,8.666666666666666
41,41,41.0
7,45,22.833333333333332
13,23,18.333333333333332
4,39,17.5
8,14,11.0
34,34,34.0
54,54,54.0
9,30,19.666666666666668
15,41,26.666666666666668
44,44,44.0
12,25,17.0
5,12,8.333333333333334
5,22,12.25
33,33,33.0
19,34,26.5
12,22,17.0
13,16,14.666666666666666
0,35,19.0
29,45,37.0
6,33,22.666666666666668
4,27,14.25
18,18,18.0
8,31,17.4
0,13,6.5
13,39,26.5
0,26,11.666666666666666
3,25,17.0
1,21,10.333333333333334
19,41,29.0
3,45,18.5
1,12,6.5
8,24,17.0
28,33,30.5
3,24,11.4
4,24,15.0
5,31,17.5
18,18,18.0
1,20,10.666666666666666
31,46,38.5
6,39,15.666666666666666
16,16,16.0
15,15,15.0
20,40,30.0
15,46,27.5
14,34,23.166666666666668
20,28,25.5
7,7,7.0
6,39,18.5
13,37,23.0
12,17,14.666666666666666
37,37,37.0
17,24,20.5
8,11,9.5
5,27,16.25
2,8,5.0
5,24,14.5
0,24,15.75
7,31,16.2
16,31,23.5
15,34,22.25
11,32,21.5
8,31,17.0
18,18,18.0
11,37,20.333333333333332
4,23,12.666666666666666
6,39,20.2
11,11,11.0
2,18,12.333333333333334
0,0,0
2,24,12.0
24,24,24.0
4,10,7.75
4,13,8.5
1,18,8.25
20,29,24.5
8,27,17.0
1,30,15.5
1,26,14.0
30,30,30.0
19,21,20.0
0,0,0
8,45,23.666666666666668
12,35,23.5
13,38,25.5
25,36,29.0
10,12,11.0
27,27,27.0
4,56,29.75
16,20,18.0
7,34,17.666666666666668
11,36,23.75
12,14,13.0
25,25,25.0
9,21,15.333333333333334
7,29,16.75
1,24,11.5
3,40,21.5
10,10,10.0
10,19,14.333333333333334
7,29,18.0
0,48,15.666666666666666
0,0,0
4,48,25.833333333333332
2,2,2.0
11,27,20.0
8,22,16.6
16,25,20.5
40,40,40.0
9,53,25.333333333333332
5,31,16.5
2,19,11.0
7,21,14.0
16,55,31.25
2,40,15.5
0,54,28.25
7,25,16.333333333333332
1,17,10.0
9,23,15.5
11,31,23.0
20,23,21.5
4,60,35.25
16,53,30.0
18,33,27.75
2,41,21.5
5,45,25.0
7,44,17.8
29,46,37.5
4,31,12.8
6,57,26.666666666666668
11,46,25.25
10,31,22.666666666666668
3,28,15.0
8,24,16.0
3,56,21.4
9,20,14.666666666666666
9,50,26.333333333333332
12,14,13.0
10,21,16.333333333333332
13,20,15.333333333333334
0,0,0
19,19,19.0
7,25,13.0
0,0,0
13,17,15.0
54,54,54.0
0,43,19.4
14,15,14.5
16,16,16.0
0,21,9.0
7,35,17.333333333333332
21,21,21.0
3,31,18.6
1,1,1.0
3,33,15.666666666666666
21,29,25.0
2,30,11.8
2,53,27.5
8,31,23.2
0,0,0
12,40,26.0
4,55,26.25
1,44,25.2
5,31,18.0
11,34,22.4
12,12,12.0
13,26,19.5
7,7,7.0
7,18,11.666666666666666
10,21,15.75
11,44,25.666666666666668
16,22,19.0
0,20,10.0
17,51,34.0
24,38,31.333333333333332
2,22,12.0
13,23,16.666666666666668
12,25,19.333333333333332
0,0,0
15,44,27.666666666666668
2,30,18.25
6,29,20.4
23,41,32.0
18,48,33.0
22,31,26.5
11,23,17.0
2,36,16.0
0,0,0
2,13,7.5
1,19,8.0
12,17,15.333333333333334
0,21,12.0
9,18,13.5
1,29,13.75
10,15,12.5
13,20,15.666666666666666
2,34,14.333333333333334
7,18,12.5
17,37,25.8
2,36,19.0
17,43,33.666666666666664
11,12,11.5
0,34,14.857142857142858
8,18,13.0
4,36,17.6
5,18,11.5
4,18,11.0
3,37,24.333333333333332
8,15,11.5
4,9,6.5
18,44,31.0
19,30,24.5
0,20,11.714285714285714
17,48,32.5
9,36,22.5
5,34,13.142857142857142
11,33,17.5
28,37,32.5
7,38,17.666666666666668
6,19,10.666666666666666
1,20,12.666666666666666
3,38,20.2
0,0,0
5,26,14.0
16,42,29.0
2,41,20.0
6,29,19.333333333333332
7,69,39.0
15,20,17.5
5,5,5.0
22,29,25.5
15,26,19.0
12,34,23.0
9,14,11.5
16,28,22.0
1,17,9.0
13,27,19.5
18,25,21.5
0,0,0
0,0,0
10,30,18.0
6,23,14.5
15,15,15.0
15,36,23.25
3,19,14.4
0,35,21.0
12,12,12.0
7,9,8.0
15,24,19.5
21,54,34.75
8,24,16.0
12,12,12.0
8,13,11.0
12,12,12.0
4,51,24.75
14,18,16.0
7,32,16.25
15,35,22.0
0,0,0
7,53,23.0
14,14,14.0
7,56,31.25
11,39,25.0
11,31,21.0
3,25,13.833333333333334
4,20,11.666666666666666
15,15,15.0
0,37,19.666666666666668
0,0,0
17,38,23.0
2,45,30.0
15,54,33.25
17,17,17.0
12,12,12.0
19,26,22.5
1,25,10.75
2,59,21.8
7,7,7.0
2,11,6.5
19,44,29.0
25,25,25.0
41,41,41.0
14,27,20.5
17,36,26.5
0,50,25.5
21,33,27.0
10,48,29.75
0,0,0
15,61,33.25
5,57,28.25
0,7,3.5
0,0,0
4,34,19.0
17,37,27.0
10,17,14.25
13,13,13.0
7,27,18.0
1,28,13.75
5,68,24.6
10,28,22.0
13,13,13.0
23,30,25.666666666666668
4,37,18.25
8,59,27.0
11,48,33.333333333333336
0,23,11.0
6,52,27.25
5,40,20.666666666666668
3,29,15.25
12,52,27.2
6,15,10.5
6,40,19.166666666666668
0,0,0
3,17,9.333333333333334
7,7,7.0
24,24,24.0
12,55,33.75
2,2,2.0
4,25,15.666666666666666
0,16,7.333333333333333
10,17,14.0
5,24,14.0
7,33,16.6
3,25,13.6
10,16,12.666666666666666
25,69,47.0
25,25,25.0
7,39,23.0
0,20,10.25
9,29,18.666666666666668
5,25,17.25
5,5,5.0
3,43,19.375
6,28,14.333333333333334
7,18,12.0
9,16,12.5
8,23,15.6
11,40,25.5
0,0,0
13,14,13.5
13,13,13.0
9,17,13.0
0,0,0
0,13,6.5
6,27,17.666666666666668
9,36,21.0
23,23,23.0
23,31,27.0
4,27,16.0
17,22,19.333333333333332
7,37,16.4
15,40,30.0
15,15,15.0
10,38,24.75
0,0,0
2,39,17.75
6,37,18.5
0,0,0
15,30,22.0
10,33,23.333333333333332
23,23,23.0
5,20,14.0
3,24,13.5
12,31,18.6
11,36,23.5
0,0,0
15,19,17.0
12,29,20.5
11,11,11.0
16,16,16.0
0,0,0
3,3,3.0
3,3,3.0
15,15,15.0
13,13,13.0
0,0,0
2,14,7.166666666666667
12,12,12.0
2,27,16.375
17,17,17.0
4,35,17.25
16,21,18.5
2,51,19.0
17,34,25.5
10,22,14.333333333333334
15,18,16.5
10,12,11.0
3,10,6.5
12,27,19.666666666666668
12,21,16.5
14,14,14.0
6,27,13.25
15,29,24.0
12,12,12.0
9,18,13.5
5,36,22.0
14,14,14.0
4,32,18.0
7,27,15.0
0,25,10.6
13,16,14.5
5,29,17.333333333333332
0,12,5.2
3,3,3.0
4,25,15.5
25,32,28.5
12,19,15.5
11,26,16.333333333333332
12,12,12.0
19,33,25.0
9,28,20.0
15,41,28.0
1,57,25.666666666666668
1,1,1.0
7,30,18.5
1,1,1.0
5,19,12.0
7,23,15.0
10,34,23.333333333333332
5,25,16.333333333333332
8,17,13.5
5,21,10.75
10,10,10.0
13,13,13.0
20,45,32.5
4,41,17.0
8,10,9.0
9,9,9.0
14,27,20.333333333333332
2,19,8.333333333333334
6,15,10.5
6,9,7.5
3,38,23.5
22,33,27.5
0,0,0
3,10,6.5
16,22,18.333333333333332
19,19,19.0
8,14,11.0
7,35,18.0
0,0,0
0,23,13.666666666666666
13,46,33.25
0,32,13.666666666666666
21,21,21.0
8,12,10.666666666666666
4,25,13.666666666666666
40,44,42.0
9,20,13.75
32,32,32.0
11,27,18.2
8,30,19.0
11,32,22.0
9,27,18.333333333333332
4,19,11.5
7,35,26.5
2,37,19.25
11,21,15.666666666666666
3,26,15.2
13,13,13.0
5,41,18.75
8,19,13.5
8,32,18.75
3,31,15.0
0,33,11.0
9,30,21.5
7,23,14.75
21,26,23.5
11,47,25.333333333333332
11,47,22.0
0,0,0
21,37,29.5
11,15,13.0
2,17,11.333333333333334
13,21,17.0
0,0,0
3,39,20.333333333333332
3,27,13.333333333333334
10,25,17.0
9,40,24.5
18,23,20.25
1,21,12.0
9,25,15.666666666666666
11,25,18.0
14,18,16.0
13,42,26.333333333333332
2,51,24.8
3,28,16.75
12,27,17.0
17,51,34.0
3,41,16.714285714285715
2,22,12.0
7,20,13.5
26,27,26.5
13,31,22.666666666666668
16,25,20.5
10,22,16.0
20,20,20.0
13,57,30.0
8,20,13.666666666666666
5,5,5.0
7,53,23.0
0,0,0
14,51,24.142857142857142
16,18,17.0
8,18,13.5
20,36,28.0
11,46,25.666666666666668
0,0,0
7,48,17.6
27,27,27.0
12,30,19.0
12,18,14.333333333333334
13,47,26.75
8,8,8.0
22,23,22.5
23,33,28.0
13,48,31.25
9,40,24.5
14,25,20.0
37,46,41.5
29,29,29.0
23,47,34.0
9,43,24.75
0,0,0
0,16,7.6
10,47,32.0
31,54,43.25
14,14,14.0
10,47,25.5
25,25,25.0
32,35,33.5
21,23,22.0
9,11,10.0
4,38,17.666666666666668
32,47,39.5
10,27,19.0
32,32,32.0
10,47,26.0
3,31,16.2
22,33,25.666666666666668
5,41,20.0
18,18,18.0
34,34,34.0
3,26,14.5
24,46,36.666666666666664
16,38,25.0
17,24,20.666666666666668
6,26,13.333333333333334
24,25,24.5
2,25,13.5
3,31,16.4
28,35,31.5
8,42,30.0
5,24,13.0
13,13,13.0
5,29,17.333333333333332
17,27,22.0
11,60,35.5
17,43,30.0
18,36,23.5
4,4,4.0
20,41,30.5
9,25,15.5
43,59,51.0
9,33,24.0
7,49,28.0
12,88,38.25
7,52,25.6
9,19,15.25
10,37,24.25
9,34,22.375
9,9,9.0
8,39,18.666666666666668
18,28,23.5
6,35,17.0
4,46,21.166666666666668
12,12,12.0
8,45,20.25
1,6,3.5
1,38,16.25
1,2,1.5
11,13,12.0
13,41,22.0
12,33,22.0
9,40,25.75
10,27,19.25
15,39,25.5
1,11,6.0
1,18,9.666666666666666
15,27,20.666666666666668
2,28,15.8
33,60,46.5
12,50,31.0
12,12,12.0
15,42,28.5
3,28,16.0
2,18,10.0
20,20,20.0
2,46,20.375
20,20,20.0
4,26,14.75
6,15,10.5
63,63,63.0
19,29,23.0
17,17,17.0
14,45,25.75
12,12,12.0
6,28,17.5
10,47,22.4
3,22,12.5
7,57,28.666666666666668
4,4,4.0
27,27,27.0
18,18,18.0
17,18,17.5
4,28,14.666666666666666
10,30,20.0
13,13,13.0
27,27,27.0
8,15,11.5
33,33,33.0
3,14,7.0
8,28,16.0
13,27,22.0
21,21,21.0
6,24,15.666666666666666
8,19,13.5
0,0,0
5,35,18.166666666666668
5,16,9.333333333333334
1,15,8.666666666666666
13,21,16.0
12,24,18.0
5,14,10.25
1,26,17.0
7,8,7.5
6,50,22.25
25,25,25.0
20,22,21.0
0,33,15.333333333333334
20,40,30.0
3,19,12.333333333333334
12,26,19.0
7,28,19.4
0,43,19.666666666666668
17,19,18.0
6,19,12.5
0,0,0.0
7,47,27.6
8,25,16.5
10,70,37.4
11,32,21.5
19,19,19.0
11,60,42.333333333333336
1,26,13.5
2,24,13.0
2,32,15.6
19,19,19.0
1,37,17.0
3,36,21.333333333333332
8,37,22.5
6,52,20.2
8,13,10.5
4,27,13.333333333333334
3,15,9.5
8,41,22.0
4,39,17.2
3,35,12.5
1,30,10.2
22,34,28.0
18,45,26.25
13,34,22.5
4,4,4.0
11,85,48.0
4,28,16.0
3,25,16.0
13,57,36.0
12,17,14.5
1,50,25.5
4,31,18.666666666666668
23,23,23.0
4,34,19.0
37,43,40.0
6,6,6.0
3,5,4.0
11,11,11.0
8,42,24.0
3,37,18.333333333333332
0,0,0
3,27,16.333333333333332
30,30,30.0
1,50,29.4
10,30,19.0
6,15,10.5
0,0,0
4,38,19.0
1,21,9.0
23,31,27.0
4,48,19.0
52,52,52.0
18,48,34.5
18,22,20.0
1,1,1.0
4,34,17.5
2,26,11.75
2,25,14.0
12,12,12.0
0,0,0.0
3,31,14.4
0,0,0
11,11,11.0
0,28,14.0
6,46,28.0
3,7,4.666666666666667
5,44,24.5
1,40,17.4
14,37,23.333333333333332
5,38,21.5
7,27,14.8
15,39,25.666666666666668
9,12,10.5
0,0,0
15,24,19.5
0,0,0
7,25,16.5
11,31,21.666666666666668
8,8,8.0
6,6,6.0
18,55,31.333333333333332
4,27,16.75
5,32,18.5
7,17,12.0
10,22,15.666666666666666
2,38,20.0
1,48,21.5
33,45,39.0
23,23,23.0
13,17,14.666666666666666
10,27,17.666666666666668
14,26,20.0
16,29,22.5
3,35,20.75
2,16,10.5
10,55,23.75
5,24,13.25
14,14,14.0
7,23,17.0
6,15,11.25
7,33,20.0
1,18,8.25
12,35,23.5
18,24,21.0
7,19,13.0
1,1,1.0
13,22,15.5
10,44,27.0
9,16,11.428571428571429
0,29,11.0
6,26,17.5
13,15,14.0
7,21,14.75
13,20,16.0
0,12,6.0
13,42,25.75
14,32,23.0
11,47,25.333333333333332
17,39,25.25
12,12,12.0
6,37,23.0
3,69,33.666666666666664
2,36,15.0
30,32,31.0
5,12,8.5
25,26,25.5
8,24,15.666666666666666
29,29,29.0
21,21,21.0
10,19,12.833333333333334
18,18,18.0
3,27,14.666666666666666
22,22,22.0
7,11,8.5
16,19,17.333333333333332
11,31,17.833333333333332
6,16,11.0
3,29,16.2
0,0,0
8,24,15.666666666666666
0,0,0
10,34,19.0
0,0,0
0,24,12.0
6,23,14.5
0,31,16.666666666666668
7,7,7.0
11,34,21.5
14,14,14.0
0,21,7.0
4,29,16.0
17,21,18.666666666666668
3,25,14.2
3,14,8.5
11,54,25.4
15,15,15.0
1,45,14.4
6,31,18.5
7,34,21.25
3,23,15.0
7,15,11.5
30,30,30.0
12,12,12.0
23,30,26.5
9,9,9.0
12,26,19.0
3,17,10.2
0,1,0.5
5,31,17.25
0,16,6.0
0,0,0
14,42,28.25
9,47,25.0
5,14,9.5
2,42,20.75
19,22,20.333333333333332
2,23,11.666666666666666
4,20,14.833333333333334
16,30,23.0
12,22,17.666666666666668
7,28,16.333333333333332
0,31,15.5
9,17,13.0
1,14,7.666666666666667
17,19,18.0
13,33,19.5
1,30,18.2
6,21,13.5
6,23,14.5
8,34,21.75
22,22,22.0
22,22,22.0
33,33,33.0
7,23,16.666666666666668
25,25,25.0
6,30,19.6
0,18,7.333333333333333
15,15,15.0
2,23,12.5
6,10,8.0
2,29,15.0
1,7,4.0
12,26,19.0
6,43,27.0
5,45,24.333333333333332
10,16,14.0
0,23,11.75
14,27,20.0
6,31,17.5
8,46,23.5
0,0,0
8,52,24.2
35,52,43.5
4,16,10.0
1,49,31.5
24,24,24.0
8,45,29.4
5,22,13.0
11,13,12.333333333333334
18,53,31.333333333333332
11,46,28.5
9,36,22.5
7,27,19.8
12,37,24.5
6,13,9.0
7,37,25.0
4,30,17.0
0,46,16.25
0,0,0
15,37,23.4
2,36,17.2
7,33,17.0
13,23,17.333333333333332
5,40,16.285714285714285
22,22,22.0
3,37,19.166666666666668
0,0,0
5,28,16.0
13,25,19.0
23,25,24.0
16,43,27.25
13,13,13.0
11,31,23.333333333333332
5,27,16.666666666666668
22,22,22.0
14,21,16.5
12,34,21.0
5,48,23.333333333333332
22,31,26.5
3,21,10.6
26,26,26.0
2,21,10.333333333333334
6,18,12.0
2,35,15.833333333333334
5,24,13.0
11,11,11.0
2,34,15.2
3,6,4.5
20,20,20.0
4,42,23.0
7,22,13.333333333333334
8,29,17.833333333333332
13,13,13.0
10,20,14.5
16,16,16.0
3,3,3.0
18,38,28.0
6,39,22.6
0,0,0
24,39,29.666666666666668
0,0,0
1,28,13.142857142857142
2,3,2.5
21,21,21.0
9,29,17.6
0,19,7.333333333333333
7,42,18.25
0,0,0
5,20,12.0
16,16,16.0
7,14,10.0
2,24,12.4
5,24,13.0
2,12,7.0
13,46,29.5
13,33,23.0
2,12,7.666666666666667
4,39,19.0
13,18,15.5
3,40,21.5
9,17,12.333333333333334
24,39,31.5
37,37,37.0
11,36,23.5
6,6,6.0
2,50,26.0
17,24,19.333333333333332
10,15,12.5
26,28,27.0
10,34,22.0
14,14,14.0
0,45,20.333333333333332
13,28,20.0
9,11,10.0
18,18,18.0
12,15,13.5
10,10,10.0
3,29,11.333333333333334
7,32,19.5
12,32,20.666666666666668
14,14,14.0
2,29,10.833333333333334
8,27,17.5
5,21,11.25
4,26,15.333333333333334
8,49,31.0
11,36,23.5
11,14,12.5
11,31,17.5
10,33,21.5
14,21,17.8
0,0,0.0
1,8,5.4
3,45,18.75
12,15,13.5
22,22,22.0
10,45,21.666666666666668
3,7,5.333333333333333
0,0,0
0,30,15.666666666666666
4,12,8.0
7,31,17.333333333333332
5,25,16.333333333333332
7,7,7.0
15,15,15.0
8,23,15.25
2,26,14.666666666666666
2,2,2.0
5,17,10.5
10,34,22.0
0,24,10.75
1,17,9.333333333333334
2,35,18.833333333333332
23,23,23.0
2,15,9.25
8,8,8.0
1,5,3.0
11,33,20.333333333333332
0,20,11.0
7,28,15.666666666666666
9,20,14.333333333333334
6,14,10.0
4,26,14.5
22,22,22.0
6,39,14.166666666666666
4,12,7.333333333333333
8,25,15.5
25,30,27.0
3,40,16.0
3,11,7.0
11,13,12.0
1,12,7.0
4,12,7.666666666666667
9,17,13.0
0,0,0
4,39,17.666666666666668
14,14,14.0
3,37,16.0
19,19,19.0
8,12,10.333333333333334
14,34,23.666666666666668
1,14,7.5
1,28,12.166666666666666
21,21,21.0
0,0,0
25,25,25.0
8,8,8.0
10,11,10.5
10,10,10.0
21,21,21.0
4,4,4.0
1,24,10.0
2,16,9.0
2,49,14.0
9,9,9.0
1,38,12.4
4,11,7.666666666666667
7,17,11.333333333333334
7,26,15.333333333333334
5,5,5.0
6,16,10.0
5,32,18.5
6,20,14.333333333333334
6,9,7.666666666666667
8,8,8.0
9,9,9.0
16,17,16.666666666666668
5,12,8.5
5,31,16.0
4,17,10.8
0,0,0
2,23,13.666666666666666
6,23,14.333333333333334
5,21,13.0
7,12,8.666666666666666
2,10,6.0
12,12,12.0
9,21,15.0
0,40,17.25
2,10,6.0
5,28,14.0
11,25,16.0
13,19,16.0
0,0,0
3,31,13.75
0,21,10.5
4,4,4.0
14,14,14.0
0,0,0
7,17,11.0
1,18,9.5
5,11,8.333333333333334
5,24,13.25
3,14,8.5
6,8,7.0
13,13,13.0
12,29,18.0
5,5,5.0
10,21,14.333333333333334
6,16,10.75
7,14,11.333333333333334
0,20,10.4
11,24,17.5
5,11,7.333333333333333
2,17,10.0
4,17,10.0
7,20,12.666666666666666
15,15,15.0
0,16,10.0
8,26,15.666666666666666
7,18,12.666666666666666
9,14,11.5
0,0,0
2,21,11.5
0,38,14.0
0,0,0
10,17,12.6
8,20,13.0
16,16,16.0
22,22,22.0
0,0,0
14,16,15.0
16,21,18.5
16,16,16.0
18,23,20.5
1,18,7.333333333333333
10,20,15.25
9,22,15.5
1,7,4.666666666666667
22,22,22.0
4,32,16.875
0,0,0
9,27,15.2
25,25,25.0
0,24,12.666666666666666
9,33,21.0
7,30,15.0
7,33,16.666666666666668
18,20,19.0
19,19,19.0
4,24,12.0
14,14,14.0
5,28,14.5
18,30,25.666666666666668
8,17,12.5
15,19,17.0
8,30,16.666666666666668
11,25,18.0
13,13,13.0
4,4,4.0
10,21,15.666666666666666
10,23,14.666666666666666
2,21,7.2
1,12,6.5
1,11,6.333333333333333
7,31,18.0
11,14,12.5
12,20,15.75
12,18,15.0
2,16,10.333333333333334
35,35,35.0
35,35,35.0
11,11,11.0
9,27,18.0
1,43,13.5
14,14,14.0
23,23,23.0
0,0,0
2,19,13.285714285714286
7,18,13.333333333333334
8,18,13.0
23,23,23.0
0,0,0
13,19,16.0
6,6,6.0
23,28,25.5
5,13,9.0
15,30,21.75
12,23,16.0
0,24,13.0
8,29,17.75
1,21,13.333333333333334
2,22,11.666666666666666
10,28,17.666666666666668
18,20,19.0
3,29,14.0
15,22,18.333333333333332
0,0,0.0
0,36,24.5
24,27,25.5
9,34,22.0
17,25,21.0
4,28,20.4
13,35,20.666666666666668
5,32,18.0
18,27,22.0
29,29,29.0
7,22,15.666666666666666
0,0,0
24,34,29.0
13,38,22.333333333333332
14,22,18.0
5,10,7.5
5,15,10.0
7,12,9.5
18,30,24.0
3,3,3.0
2,22,10.5
12,12,12.0
10,16,13.0
4,30,13.2
7,34,18.8
20,20,20.0
3,12,8.666666666666666
4,11,6.333333333333333
11,31,20.666666666666668
5,24,16.4
7,15,11.0
3,21,12.0
8,17,12.5
0,26,13.0
30,30,30.0
10,10,10.0
13,15,14.0
6,29,18.8
0,2,1.0
3,25,15.5
6,23,14.25
7,38,23.0
0,0,0
34,34,34.0
10,38,20.75
11,15,13.0
3,19,12.0
14,14,14.0
7,7,7.0
0,52,19.666666666666668
9,30,21.0
15,15,15.0
6,27,15.8
9,18,13.5
17,25,21.0
6,18,12.666666666666666
5,24,14.5
11,20,16.333333333333332
31,45,38.0
5,20,14.333333333333334
0,0,0
13,20,15.75
8,14,10.666666666666666
5,20,15.0
0,0,0
4,36,19.333333333333332
5,25,12.4
2,12,7.666666666666667
34,53,43.5
4,32,14.8
34,34,34.0
9,24,18.125
25,25,25.0
18,18,18.0
15,28,23.0
7,37,19.0
6,26,18.333333333333332
1,1,1.0
19,33,26.0
13,27,21.666666666666668
1,13,7.0
11,24,16.0
8,8,8.0
5,17,11.0
4,23,15.2
15,15,15.0
7,22,14.0
22,38,30.0
4,36,20.0
8,28,18.0
13,13,13.0
8,11,9.5
9,9,9.0
19,22,20.5
0,48,23.0
16,29,21.0
1,19,9.5
17,25,21.0
20,26,22.0
10,39,24.5
7,16,11.25
18,21,19.5
5,22,13.5
6,16,11.75
0,25,13.0
0,0,0
12,36,21.0
1,46,21.25
1,38,17.0
18,18,18.0
17,23,20.5
14,48,32.0
12,38,22.0
6,35,25.4
0,0,0
2,18,9.833333333333334
9,40,21.25
7,52,27.6
14,14,14.0
19,28,23.5
4,8,5.333333333333333
10,33,21.5
18,21,19.5
2,20,11.5
6,45,25.333333333333332
5,26,14.666666666666666
16,16,16.0
7,43,28.0
4,48,23.333333333333332
9,39,20.75
24,57,40.5
7,21,15.25
4,27,13.0
16,17,16.5
2,24,10.0
9,17,13.0
6,17,11.5
1,23,10.75
6,6,6.0
14,23,17.333333333333332
1,1,1.0
9,27,17.666666666666668
1,13,6.571428571428571
3,17,9.333333333333334
6,33,16.571428571428573
9,22,15.5
6,38,20.0
7,25,16.0
10,26,15.333333333333334
3,16,8.0
35,35,35.0
10,23,18.333333333333332
0,28,12.0
0,0,0
4,37,16.75
18,30,24.0
8,48,24.333333333333332
8,11,9.333333333333334
0,0,0
7,7,7.0
8,31,20.0
9,35,19.666666666666668
12,12,12.0
2,13,7.6
1,35,18.0
7,14,10.5
8,23,15.5
7,31,17.5
0,0,0
9,9,9.0
3,32,15.6
4,12,7.666666666666667
11,20,16.666666666666668
1,34,19.75
9,20,15.25
41,41,41.0
9,32,20.5
7,30,17.5
16,16,16.0
8,18,11.833333333333334
6,23,14.5
10,16,12.25
10,24,17.0
10,10,10.0
6,15,10.666666666666666
0,0,0
0,26,13.0
10,27,16.333333333333332
8,15,11.333333333333334
7,20,12.666666666666666
7,17,12.0
5,27,17.0
23,23,23.0
16,22,18.666666666666668
3,11,7.666666666666667
6,12,9.0
14,18,15.333333333333334
13,21,16.0
1,17,11.5
21,21,21.0
23,25,24.0
1,17,8.8
8,59,30.0
0,50,22.0
16,16,16.0
0,14,7.2
0,0,0
4,14,8.333333333333334
2,19,10.333333333333334
23,23,23.0
9,9,9.0
16,16,16.0
13,13,13.0
9,18,13.75
12,12,12.0
3,12,7.5
6,29,14.0
7,15,11.5
4,26,15.0
4,4,4.0
7,29,18.25
0,0,0
13,15,14.0
8,10,9.0
8,22,14.0
7,27,16.75
8,8,8.0
3,43,18.6
1,1,1.0
3,31,16.8
10,39,21.5
2,27,16.25
8,23,17.333333333333332
16,17,16.5
6,16,9.666666666666666
18,18,18.0
0,21,12.0
7,24,15.75
1,12,8.333333333333334
9,40,21.0
3,29,17.8
5,33,15.75
9,9,9.0
9,18,12.75
0,0,0.0
7,29,19.6
6,33,19.5
23,23,23.0
27,29,28.0
9,28,18.2
15,17,16.0
8,10,9.0
4,18,11.0
5,27,14.333333333333334
15,15,15.0
9,23,16.0
6,21,13.5
3,22,12.0
10,36,20.0
7,12,10.0
7,31,16.6
10,18,14.0
5,38,23.666666666666668
7,21,15.0
5,17,11.0
2,38,15.25
0,0,0
10,26,18.4
18,18,18.0
24,24,24.0
2,18,10.0
10,51,24.0
3,28,15.5
1,18,6.8
18,18,18.0
7,28,17.333333333333332
4,23,14.25
6,13,10.0
4,25,12.4
11,26,16.75
10,10,10.0
1,1,1.0
0,0,0
8,23,17.75
27,27,27.0
9,46,22.666666666666668
3,12,7.0
9,35,19.333333333333332
5,14,10.666666666666666
13,13,13.0
19,34,25.25
15,32,24.0
0,0,0
8,27,16.0
5,20,11.0
6,24,15.0
3,37,14.333333333333334
0,26,11.8
11,11,11.0
18,18,18.0
0,0,0
7,28,19.2
4,27,15.4
5,31,16.25
11,45,20.0
12,26,20.666666666666668
4,12,8.5
5,9,7.0
4,26,12.333333333333334
6,20,13.0
3,3,3.0
1,20,11.714285714285714
15,15,15.0
11,23,14.5
19,31,25.0
0,0,0
5,15,10.666666666666666
1,25,12.0
10,18,14.0
6,13,9.5
5,36,20.8
8,28,14.75
5,33,16.75
16,18,16.666666666666668
1,11,4.333333333333333
6,8,7.0
10,24,17.666666666666668
4,39,19.0
3,7,5.0
13,16,14.333333333333334
12,12,12.0
3,25,15.333333333333334
3,3,3.0
2,22,13.333333333333334
25,25,25.0
5,28,17.666666666666668
2,2,2.0
6,6,6.0
4,17,11.666666666666666
4,4,4.0
12,13,12.5
9,11,10.0
3,18,10.5
4,30,16.25
0,0,0
13,13,13.0
7,7,7.0
29,29,29.0
8,8,8.0
3,3,3.0
8,37,19.8
9,21,15.0
5,14,8.333333333333334
8,22,12.666666666666666
0,17,8.5
3,35,18.6
5,15,10.333333333333334
6,14,10.0
8,8,8.0
10,41,25.0
8,14,11.0
12,12,12.0
19,24,21.5
9,22,15.75
2,18,9.0
12,34,23.0
4,28,17.833333333333332
9,23,16.0
5,12,7.666666666666667
11,21,16.0
6,37,14.6
0,0,0
0,7,4.333333333333333
3,9,6.0
0,0,0
10,24,16.2
9,33,20.25
11,17,14.0
8,8,8.0
1,16,8.5
13,13,13.0
10,32,20.75
8,17,12.25
14,32,23.0
10,18,14.0
0,17,10.0
12,34,20.0
0,17,8.5
2,12,7.0
7,30,19.75
17,17,17.0
19,20,19.5
12,31,19.666666666666668
7,19,11.0
6,16,9.666666666666666
4,20,12.2
4,49,23.0
2,25,14.5
20,25,22.5
27,28,27.5
5,18,11.75
33,33,33.0
7,21,14.0
7,13,11.0
0,0,0
2,13,7.25
7,11,9.0
5,25,13.25
10,21,15.5
8,23,15.6
7,27,17.0
3,13,8.0
11,11,11.0
17,29,23.0
3,21,11.5
4,25,13.666666666666666
18,18,18.0
18,35,26.5
3,24,13.0
3,20,13.25
12,12,12.0
3,22,12.25
9,22,16.0
7,22,14.0
19,26,22.5
7,31,19.4
13,26,19.5
15,30,22.0
0,0,0
11,35,23.0
2,26,14.75
17,40,28.5
9,21,15.75
0,0,0
11,24,16.333333333333332
5,5,5.0
4,21,13.666666666666666
14,25,19.8
5,18,10.25
0,0,0
6,9,7.333333333333333
6,7,6.5
9,34,24.0
3,30,19.5
20,39,30.666666666666668
11,18,15.75
11,28,17.75
8,35,22.333333333333332
6,34,16.833333333333332
21,21,21.0
0,29,13.5
26,37,30.333333333333332
13,34,23.5
12,12,12.0
4,23,16.25
14,28,22.0
2,16,9.0
7,21,14.4
7,24,14.333333333333334
22,31,27.666666666666668
10,29,19.5
7,20,13.5
25,25,25.0
4,4,4.0
1,33,15.5
38,38,38.0
0,31,16.285714285714285
35,35,35.0
7,30,16.666666666666668
26,28,27.0
29,34,31.5
9,25,17.0
28,34,30.0
7,30,16.25
10,27,16.333333333333332
10,30,17.333333333333332
10,17,14.333333333333334
24,24,24.0
10,29,21.333333333333332
6,17,9.666666666666666
4,18,11.0
10,42,20.6
13,13,13.0
2,16,7.333333333333333
21,21,21.0
11,46,26.666666666666668
3,17,8.666666666666666
12,12,12.0
4,39,23.8
21,26,23.5
20,20,20.0
8,30,22.25
14,30,22.0
6,31,17.4
7,31,17.0
5,25,15.666666666666666
1,29,17.0
7,22,13.666666666666666
24,27,25.5
2,33,14.2
18,20,19.0
8,8,8.0
8,19,13.666666666666666
2,34,21.2
1,27,10.333333333333334
6,30,16.666666666666668
9,33,19.166666666666668
1,55,26.6
8,23,15.0
2,26,17.0
13,48,29.666666666666668
35,42,38.5
19,29,24.0
12,32,19.666666666666668
3,24,11.0
7,49,21.333333333333332
10,24,15.0
23,35,27.666666666666668
11,20,15.333333333333334
9,27,17.666666666666668
4,25,14.5
5,49,22.4
59,59,59.0
5,13,9.25
11,11,11.0
0,34,17.0
2,2,2.0
28,35,31.5
20,23,21.5
9,10,9.5
0,0,0
27,27,27.0
19,33,27.0
32,32,32.0
7,27,17.666666666666668
1,1,1.0
3,16,9.5
8,39,23.333333333333332
8,8,8.0
13,21,17.0
23,23,23.0
7,26,16.666666666666668
9,9,9.0
0,58,20.166666666666668
11,17,14.0
7,31,20.5
17,17,17.0
19,31,25.0
8,39,18.666666666666668
3,35,18.5
0,0,0
0,27,14.0
2,46,29.666666666666668
11,20,15.5
9,16,12.333333333333334
3,39,15.166666666666666
12,12,12.0
7,34,24.666666666666668
6,14,9.333333333333334
10,19,14.5
8,39,20.0
31,31,31.0
16,27,21.5
0,0,0
10,52,31.0
0,0,0
6,17,10.666666666666666
27,27,27.0
50,50,50.0
14,14,14.0
16,35,25.333333333333332
9,23,16.0
14,28,21.0
2,41,18.0
7,31,15.25
1,9,4.0
5,26,17.666666666666668
0,0,0
9,37,23.333333333333332
0,44,17.25
0,27,13.0
28,28,28.0
11,57,34.0
8,19,14.75
6,29,17.0
0,31,14.0
10,35,22.5
2,17,8.0
5,18,10.4
1,27,10.333333333333334
1,37,16.0
10,14,12.0
4,32,17.75
4,27,15.5
28,40,33.0
1,61,23.333333333333332
5,14,9.5
9,22,15.5
71,71,71.0
28,29,28.5
16,16,16.0
33,34,33.5
8,21,14.5
24,62,43.0
1,38,16.75
22,30,26.0
9,9,9.0
1,45,23.0
10,39,21.0
8,23,15.5
9,20,14.6
0,0,0
2,40,22.6
4,29,16.5
25,44,34.5
18,31,24.333333333333332
3,3,3.0
0,54,24.0
2,22,12.0
40,40,40.0
3,19,12.5
10,28,17.75
15,18,16.5
5,26,16.25
7,25,13.75
13,28,17.2
3,15,10.666666666666666
14,23,18.5
3,22,12.5
8,8,8.0
0,15,10.25
17,26,20.666666666666668
0,24,13.0
10,46,28.5
10,20,16.333333333333332
4,30,19.333333333333332
11,11,11.0
0,19,8.0
14,35,24.5
7,32,19.333333333333332
0,23,9.0
5,5,5.0
0,0,0
1,22,12.333333333333334
17,17,17.0
12,29,20.75
21,21,21.0
0,35,15.75
13,13,13.0
4,24,14.25
21,21,21.0
2,10,6.333333333333333
14,18,16.0
1,34,17.666666666666668
13,13,13.0
9,32,21.666666666666668
3,34,18.5
12,20,16.0
10,29,17.0
17,21,19.0
2,21,11.4
16,23,18.666666666666668
13,13,13.0
4,21,13.0
11,33,21.666666666666668
0,30,14.0
11,11,11.0
10,61,26.0
19,19,19.0
18,39,28.0
11,28,19.5
13,28,20.5
10,10,10.0
22,44,32.0
16,28,23.666666666666668
2,74,31.0
25,25,25.0
2,9,5.5
31,31,31.0
19,27,22.333333333333332
18,55,32.333333333333336
13,22,18.25
37,37,37.0
7,46,24.0
1,34,13.666666666666666
13,22,18.0
9,25,15.333333333333334
1,21,14.833333333333334
0,0,0
8,25,18.0
0,41,12.25
9,19,12.333333333333334
14,57,35.5
22,26,24.666666666666668
5,26,15.5
12,12,12.0
1,24,13.666666666666666
0,6,3.3333333333333335
33,33,33.0
0,0,0
6,19,14.2
1,18,10.8
2,26,11.333333333333334
11,30,19.333333333333332
2,32,14.333333333333334
4,31,13.0
5,12,9.666666666666666
11,11,11.0
3,37,15.2
9,39,25.75
5,45,23.25
9,23,16.0
8,29,18.0
5,36,20.5
16,28,22.0
22,27,24.5
9,22,15.333333333333334
2,16,10.666666666666666
8,28,18.0
5,8,7.0
3,17,11.0
2,15,9.5
8,17,12.25
7,33,20.333333333333332
3,18,8.75
4,17,12.75
18,18,18.0
1,16,8.75
6,6,6.0
7,19,14.666666666666666
29,29,29.0
8,28,18.0
11,32,23.0
2,7,4.5
5,23,16.0
0,26,15.0
4,4,4.0
8,20,14.5
4,28,13.5
4,8,6.0
5,15,9.75
8,32,16.0
13,39,29.0
5,23,13.25
9,28,16.2
13,13,13.0
11,24,16.8
6,15,11.666666666666666
0,19,8.6
6,6,6.0
16,45,25.2
13,13,13.0
12,33,18.4
0,0,0
1,26,10.333333333333334
5,18,11.5
0,20,10.5
0,0,0
20,32,25.333333333333332
0,19,9.5
0,0,0
3,5,4.0
5,15,10.0
10,10,10.0
0,0,0
0,13,8.2
18,21,19.5
0,26,7.0
24,24,24.0
8,15,10.5
6,19,12.5
4,24,15.4
3,38,21.333333333333332
8,22,13.333333333333334
2,18,10.0
19,19,19.0
0,23,11.5
12,38,23.666666666666668
2,15,7.5
4,24,14.0
0,26,12.666666666666666
2,35,16.75
0,24,12.0
15,15,15.0
3,24,11.0
13,21,17.0
0,0,0
13,22,16.333333333333332
0,21,7.75
5,6,5.5
8,24,15.0
0,0,0
4,28,14.5
19,19,19.0
7,41,24.25
7,8,7.5
4,15,9.5
2,34,13.75
13,13,13.0
8,22,15.333333333333334
9,16,12.5
8,39,22.0
3,3,3.0
11,39,21.75
7,17,11.333333333333334
3,25,15.0
3,17,10.0
20,44,31.666666666666668
13,17,15.0
0,0,0
12,26,17.0
16,44,31.333333333333332
5,21,12.0
12,19,16.333333333333332
17,43,30.0
0,20,10.0
0,31,14.333333333333334
33,33,33.0
5,36,23.0
21,28,24.5
16,27,22.333333333333332
7,33,19.5
22,22,22.0
18,29,23.5
9,27,15.666666666666666
3,26,16.333333333333332
1,1,1.0
10,48,26.0
2,9,6.0
6,31,16.4
4,29,13.0
7,7,7.0
2,43,13.833333333333334
0,0,0
4,28,11.571428571428571
5,45,23.25
9,21,16.75
7,30,18.5
5,13,9.0
1,31,15.25
28,28,28.0
17,17,17.0
34,43,38.5
4,38,21.2
0,0,0
4,6,5.0
15,43,29.0
3,15,7.4
0,0,0
3,13,8.2
22,22,22.0
0,0,0
8,8,8.0
29,29,29.0
10,15,12.75
1,18,11.25
14,44,29.0
27,29,28.0
3,16,11.2
30,30,30.0
3,17,8.428571428571429
15,35,23.0
1,30,14.333333333333334
8,8,8.0
8,23,13.5
16,16,16.0
16,25,19.333333333333332
12,12,12.0
2,20,8.666666666666666
10,10,10.0
3,4,3.5
0,0,0
5,31,14.0
8,34,16.0
11,34,19.75
7,18,12.5
8,23,16.0
7,17,12.0
4,40,24.75
6,6,6.0
5,9,7.0
18,19,18.5
12,38,24.4
8,41,25.8
1,1,1.0
15,38,26.5
12,23,17.5
7,7,7.0
10,45,21.5
7,29,16.0
13,24,18.5
4,13,6.5
20,20,20.0
15,15,15.0
0,16,8.0
20,20,20.0
26,26,26.0
11,11,11.0
12,38,24.0
1,12,5.0
10,12,11.0
16,16,16.0
15,29,22.0
7,28,15.0
0,0,0
18,48,33.0
0,52,15.875
0,0,0
1,27,15.4
10,26,17.4
11,40,24.75
7,13,10.0
8,37,19.333333333333332
11,27,17.666666666666668
3,26,17.5
9,12,10.5
28,28,28.0
0,29,15.666666666666666
12,12,12.0
2,42,14.5
13,13,13.0
3,40,20.25
47,47,47.0
18,18,18.0
0,49,17.333333333333332
0,0,0
19,21,19.75
7,35,16.5
3,26,14.5
9,15,12.0
25,33,29.0
21,46,35.6
14,36,25.0
4,20,14.25
0,12,8.25
2,21,10.666666666666666
4,28,13.8
4,4,4.0
12,46,19.142857142857142
6,16,11.75
8,24,12.5
9,15,12.0
8,37,22.5
2,18,10.0
6,22,13.5
12,12,12.0
4,27,15.75
23,23,23.0
23,47,32.666666666666664
14,30,21.666666666666668
8,24,16.0
12,46,21.8
10,54,24.25
3,8,5.0
13,41,29.2
4,26,18.2
5,20,13.5
6,6,6.0
8,36,18.75
7,38,25.5
1,32,17.0
11,17,14.0
13,49,26.6
11,12,11.5
3,41,22.5
6,25,15.0
8,31,18.0
29,29,29.0
7,42,23.333333333333332
29,38,33.5
7,7,7.0
6,20,13.666666666666666
0,0,0
20,28,24.0
0,10,5.0
16,16,16.0
22,55,38.5
5,5,5.0
11,21,14.666666666666666
14,18,15.666666666666666
9,23,16.0
3,34,16.75
1,1,1.0
9,9,9.0
6,6,6.0
2,33,17.5
11,22,16.5
2,31,11.5
3,15,9.5
16,18,17.0
10,10,10.0
17,48,32.5
3,28,15.0
10,27,19.333333333333332
14,33,23.5
3,7,5.0
19,21,20.0
5,27,18.666666666666668
1,23,13.0
0,32,13.5
13,28,20.5
19,19,19.0
1,43,26.0
14,41,27.666666666666668
16,21,18.5
19,20,19.5
6,39,22.0
9,45,22.0
3,3,3.0
3,38,18.8
2,38,19.5
4,28,18.4
0,0,0
0,19,11.4
14,34,25.666666666666668
3,3,3.0
5,18,11.5
5,42,23.0
0,0,0
3,18,11.833333333333334
11,11,11.0
4,30,18.2
22,22,22.0
30,52,42.0
2,28,16.333333333333332
25,42,31.333333333333332
22,22,22.0
1,19,9.25
11,11,11.0
19,26,22.5
11,26,18.5
10,10,10.0
2,3,2.5
11,15,13.0
10,14,11.666666666666666
1,35,16.5
2,25,10.75
5,39,22.0
9,23,13.666666666666666
2,32,18.0
7,13,10.0
6,19,11.0
0,0,0
5,38,18.0
14,48,27.666666666666668
0,23,10.0
34,34,34.0
7,18,12.5
7,33,19.5
9,9,9.0
29,33,31.0
5,31,17.5
15,21,17.75
5,14,9.0
14,50,32.0
3,14,8.333333333333334
5,24,13.5
5,23,15.4
2,11,5.5
8,55,25.25
12,38,22.5
6,16,9.666666666666666
3,26,14.0
11,28,18.0
0,0,0.0
1,10,5.5
2,36,13.666666666666666
9,13,11.333333333333334
12,19,15.5
10,10,10.0
17,17,17.0
8,52,27.333333333333332
7,12,9.333333333333334
4,41,15.5
0,26,15.0
6,34,15.666666666666666
9,45,20.833333333333332
14,36,22.0
11,22,16.333333333333332
2,31,12.0
7,39,18.0
1,24,16.0
4,35,19.75
11,49,21.4
10,34,20.666666666666668
5,27,12.75
5,24,17.333333333333332
0,21,10.2
7,21,14.666666666666666
2,24,12.0
0,0,0
0,23,12.333333333333334
12,15,13.5
23,27,25.0
5,33,15.333333333333334
16,25,20.5
16,20,18.0
5,16,10.5
4,39,12.5
17,27,23.0
0,17,11.0
13,29,21.0
0,0,0
12,28,18.0
5,22,11.0
1,20,9.0
3,35,18.6
4,27,14.4
16,16,16.0
35,35,35.0
23,27,25.0
10,24,17.333333333333332
11,19,15.0
0,19,11.666666666666666
19,25,21.0
2,28,17.0
19,19,19.0
4,22,10.5
0,0,0
6,28,16.0
3,29,16.0
2,32,15.25
27,27,27.0
6,35,20.5
18,18,18.0
0,11,6.666666666666667
2,22,14.666666666666666
9,24,16.0
0,0,0
21,21,21.0
3,11,7.0
9,9,9.0
22,26,23.333333333333332
0,0,0
7,36,20.75
10,12,11.0
0,30,15.75
11,14,12.5
11,26,18.5
0,0,0.0
6,20,11.5
8,28,18.0
9,13,11.0
2,38,20.0
6,40,23.0
0,20,10.0
3,29,14.75
1,31,13.571428571428571
0,26,15.0
1,22,11.5
1,19,13.0
7,14,10.0
37,37,37.0
12,12,12.0
0,51,23.8
0,0,0.0
19,35,25.25
6,11,9.0
41,41,41.0
0,33,16.25
12,21,17.333333333333332
10,18,14.0
2,14,7.666666666666667
4,12,8.0
21,21,21.0
4,20,12.0
15,39,26.0
23,23,23.0
26,26,26.0
1,17,9.0
7,27,15.666666666666666
8,30,16.666666666666668
4,34,17.333333333333332
0,14,6.75
7,17,11.75
21,34,26.333333333333332
4,29,16.5
0,48,24.2
3,14,8.5
17,17,17.0
3,7,5.0
8,11,9.5
3,33,18.75
0,10,5.0
1,9,5.0
4,16,10.0
1,30,11.2
0,35,14.666666666666666
0,0,0
19,53,36.0
2,13,7.5
20,20,20.0
1,25,15.0
0,37,12.75
2,17,9.25
3,14,6.75
8,8,8.0
12,12,12.0
34,34,34.0
1,36,17.0
14,39,26.5
0,0,0
17,27,22.5
2,16,10.5
11,11,11.0
0,0,0
9,10,9.5
16,16,16.0
11,20,14.333333333333334
0,13,8.25
1,23,13.0
8,14,10.666666666666666
0,0,0
2,30,11.833333333333334
0,15,7.5
5,13,7.5
14,37,24.6
6,24,16.25
10,10,10.0
4,22,10.333333333333334
6,16,11.0
0,19,7.0
5,30,17.5
4,24,14.0
20,20,20.0
9,10,9.5
0,0,0
4,24,13.2
5,53,29.0
1,1,1.0
10,22,15.666666666666666
4,31,17.5
13,31,19.666666666666668
0,46,19.4
7,10,8.666666666666666
3,18,10.333333333333334
0,0,0
4,20,10.75
8,8,8.0
9,19,14.0
0,0,0
3,16,9.5
20,22,21.0
1,44,19.0
2,17,9.5
8,20,12.333333333333334
2,20,8.666666666666666
5,40,20.2
3,16,10.0
21,38,29.5
9,19,15.0
4,19,13.333333333333334
0,0,0
18,35,27.333333333333332
6,27,16.5
4,15,9.5
2,13,8.333333333333334
32,32,32.0
7,34,17.666666666666668
0,0,0
5,6,5.5
4,27,14.8
13,35,23.666666666666668
10,10,10.0
2,2,2.0
7,7,7.0
4,16,10.0
4,17,9.666666666666666
1,21,11.0
0,0,0
2,28,14.2
13,15,14.0
7,14,10.75
5,17,13.0
7,19,12.0
4,9,6.0
4,38,12.0
1,41,21.333333333333332
6,50,22.166666666666668
16,16,16.0
7,34,20.5
2,2,2.0
3,15,9.0
10,20,15.0
3,6,4.5
6,18,12.333333333333334
0,0,0
5,14,8.666666666666666
9,21,15.0
29,29,29.0
8,19,11.6
0,0,0
6,20,13.0
8,9,8.333333333333334
7,12,10.0
4,27,11.0
14,36,25.0
3,9,5.25
0,0,0
1,30,15.5
2,35,15.333333333333334
7,21,15.333333333333334
16,16,16.0
4,27,12.0
1,37,18.5
18,18,18.0
0,0,0
7,31,20.5
11,27,18.0
8,9,8.5
11,11,11.0
9,45,22.333333333333332
2,27,13.666666666666666
2,13,7.5
19,19,19.0
5,22,14.0
6,14,10.0
11,29,17.5
13,15,14.0
14,56,27.0
9,15,12.666666666666666
7,16,11.5
12,30,21.0
8,31,16.0
30,30,30.0
10,32,17.75
15,20,17.5
4,49,23.0
13,32,20.75
14,30,23.333333333333332
7,55,31.0
2,5,3.5
9,10,9.5
7,13,10.75
9,38,22.666666666666668
17,43,30.0
4,52,28.0
12,38,25.0
0,19,9.666666666666666
17,24,19.666666666666668
3,60,26.666666666666668
6,24,15.0
13,37,28.0
4,14,9.0
14,24,17.666666666666668
10,17,12.666666666666666
3,44,19.2
3,9,6.0
4,69,22.8
3,32,15.25
14,44,29.333333333333332
5,21,13.333333333333334
2,39,19.5
28,28,28.0
15,24,19.5
11,28,19.5
12,17,14.5
10,13,11.333333333333334
14,35,24.5
9,34,18.2
8,40,22.0
7,46,24.333333333333332
4,20,15.0
26,29,27.5
2,41,19.5
15,26,19.333333333333332
30,30,30.0
13,18,15.333333333333334
6,23,11.666666666666666
0,0,0
5,21,11.0
3,31,12.75
12,25,18.75
12,42,25.4
6,15,10.5
10,13,11.5
12,26,19.0
13,14,13.5
8,32,17.0
1,26,13.5
3,31,21.0
9,27,20.333333333333332
2,14,6.333333333333333
16,21,18.0
8,14,11.0
13,28,20.333333333333332
11,14,12.0
7,17,13.25
0,29,12.4
18,19,18.5
5,21,12.666666666666666
10,21,15.714285714285714
0,0,0
8,21,16.75
11,57,27.0
12,17,14.8
25,25,25.0
23,24,23.5
2,13,7.5
15,56,35.5
3,23,13.0
29,29,29.0
7,18,10.75
9,12,10.666666666666666
6,6,6.0
45,45,45.0
6,41,20.5
12,44,22.666666666666668
18,36,25.75
13,32,21.666666666666668
15,15,15.0
5,27,16.8
10,30,22.333333333333332
17,47,32.0
7,19,11.0
7,11,9.0
7,32,15.0
17,21,19.0
0,33,16.5
12,21,16.5
5,32,15.5
2,35,17.5
12,29,21.0
4,25,16.333333333333332
16,23,19.5
27,27,27.0
9,20,11.6
2,2,2.0
3,28,15.5
15,25,20.0
15,32,21.333333333333332
18,18,18.0
1,36,21.666666666666668
3,11,7.333333333333333
13,33,23.0
8,24,16.5
5,35,20.0
1,41,25.75
9,24,14.75
19,26,21.75
0,25,9.2
8,39,19.0
21,31,25.333333333333332
1,16,10.5
15,15,15.0
3,28,16.75
7,18,12.0
7,26,16.0
8,38,23.0
3,18,12.333333333333334
0,37,14.666666666666666
10,18,14.0
8,24,17.2
8,35,21.5
8,12,10.333333333333334
18,27,23.25
5,19,12.0
7,40,21.666666666666668
1,22,14.5
3,3,3.0
16,16,16.0
3,28,17.0
6,28,15.333333333333334
5,6,5.5
19,26,22.75
14,14,14.0
12,17,15.0
1,11,6.0
12,22,18.25
3,22,15.25
10,25,17.5
13,13,13.0
24,24,24.0
2,24,13.0
10,54,26.666666666666668
29,29,29.0
5,20,14.0
9,19,13.0
0,6,3.0
2,31,17.333333333333332
6,40,23.0
12,14,13.0
27,50,38.5
8,33,20.5
9,45,23.4
0,0,0
24,27,25.5
9,41,25.0
14,24,20.0
32,32,32.0
10,44,20.0
18,42,30.0
14,40,30.333333333333332
3,20,11.5
22,32,26.0
14,14,14.0
10,31,20.5
10,24,15.666666666666666
8,32,22.4
1,35,16.0
6,30,18.0
20,39,29.5
2,29,15.666666666666666
20,37,28.5
5,49,17.666666666666668
0,31,15.25
17,39,26.2
7,22,12.0
2,17,9.5
16,28,22.0
8,59,23.4
1,17,9.0
10,30,22.2
1,4,2.5
7,37,19.0
2,42,22.75
17,17,17.0
4,32,19.6
4,20,12.666666666666666
4,36,22.0
0,0,0
7,43,24.6
49,49,49.0
8,19,13.5
10,49,25.8
31,31,31.0
6,15,10.5
4,4,4.0
1,29,17.0
12,12,12.0
6,19,14.5
12,12,12.0
10,26,18.0
3,31,17.666666666666668
7,25,17.75
1,29,15.5
4,4,4.0
4,21,13.8
13,19,16.0
14,55,33.333333333333336
7,31,16.0
20,20,20.0
17,32,24.142857142857142
0,0,0
5,20,14.666666666666666
0,0,0
5,19,10.333333333333334
17,53,35.0
13,14,13.5
26,31,28.5
16,16,16.0
2,13,8.666666666666666
0,17,8.75
28,28,28.0
11,36,23.75
13,52,27.0
30,30,30.0
2,27,14.4
6,22,14.0
14,14,14.0
9,40,19.666666666666668
11,17,14.666666666666666
2,28,18.0
3,31,12.2
21,39,30.0
17,21,19.333333333333332
6,28,19.6
18,51,30.0
27,41,35.333333333333336
1,26,16.6
4,39,19.6
7,29,16.0
8,46,30.666666666666668
8,42,25.0
12,24,18.333333333333332
18,40,29.0
0,26,13.0
12,40,24.666666666666668
0,23,11.5
15,40,25.8
13,29,23.333333333333332
20,29,22.75
3,30,13.0
12,24,19.666666666666668
23,36,29.5
0,33,9.88888888888889
16,18,17.0
7,25,17.0
11,11,11.0
18,18,18.0
18,25,21.5
9,28,18.8
29,29,29.0
26,27,26.5
9,9,9.0
3,21,13.5
7,23,15.0
0,33,12.0
13,13,13.0
13,35,22.666666666666668
0,0,0
8,35,19.25
15,15,15.0
23,30,26.5
8,34,17.5
7,21,14.0
20,20,20.0
10,18,14.0
12,36,22.5
23,23,23.0
8,27,18.6
12,34,23.0
8,29,19.666666666666668
8,23,16.5
7,38,18.8
9,18,13.5
7,18,11.5
9,32,23.666666666666668
7,7,7.0
15,48,30.25
4,5,4.5
18,23,20.5
1,36,14.75
41,41,41.0
14,33,26.4
38,38,38.0
27,46,36.5
9,37,24.6
13,20,17.333333333333332
4,33,18.5
8,39,21.333333333333332
0,0,0
5,5,5.0
9,9,9.0
3,36,14.0
0,0,0
21,32,25.5
41,41,41.0
9,32,22.0
7,18,12.0
2,39,17.833333333333332
19,39,29.0
11,31,23.0
13,13,13.0
22,22,22.0
19,38,28.5
10,17,13.75
3,37,20.25
2,2,2.0
15,26,19.0
22,22,22.0
19,46,32.25
11,26,18.5
11,54,26.5
5,30,13.5
3,36,23.8
9,41,22.0
11,25,16.333333333333332
0,22,13.571428571428571
0,15,6.0
4,32,15.25
5,42,23.833333333333332
20,26,23.0
2,39,21.333333333333332
19,63,41.0
11,11,11.0
9,14,11.5
14,28,22.25
12,12,12.0
3,30,16.333333333333332
15,38,22.0
7,37,25.333333333333332
20,20,20.0
5,47,24.666666666666668
14,14,14.0
37,37,37.0
13,13,13.0
12,43,23.0
3,21,12.0
20,20,20.0
2,43,11.571428571428571
9,22,16.666666666666668
5,24,14.0
11,25,16.2
1,30,12.333333333333334
6,6,6.0
10,28,20.0
2,2,2.0
17,30,23.5
7,8,7.5
5,12,7.666666666666667
6,6,6.0
11,32,21.25
5,27,13.0
15,29,22.0
16,18,17.0
6,33,15.25
11,37,17.8
24,25,24.5
4,49,19.666666666666668
4,23,13.5
3,13,8.666666666666666
1,27,10.0
22,28,24.333333333333332
7,16,12.0
4,4,4.0
0,19,11.0
3,19,8.25
2,5,3.5
5,47,26.0
0,0,0
10,12,11.0
8,8,8.0
0,37,14.333333333333334
10,10,10.0
7,30,15.333333333333334
0,11,5.666666666666667
0,0,0
15,16,15.5
26,26,26.0
0,0,0
7,19,14.333333333333334
9,9,9.0
9,9,9.0
0,17,7.0
13,21,17.0
4,26,15.0
7,7,7.0
0,13,7.8
24,25,24.5
4,4,4.0
1,12,6.25
5,5,5.0
10,28,19.333333333333332
1,8,4.0
9,14,11.5
18,18,18.0
5,33,17.666666666666668
3,37,16.333333333333332
0,17,11.0
11,11,11.0
7,15,12.0
2,18,9.75
9,24,13.75
0,21,10.0
11,16,13.0
8,11,9.5
13,29,21.0
10,17,13.5
19,19,19.0
3,25,13.4
8,18,13.0
13,18,15.5
5,22,16.0
4,25,17.666666666666668
0,14,6.0
3,26,14.2
4,8,6.0
12,23,19.333333333333332
3,23,12.6
0,13,6.333333333333333
1,1,1.0
4,34,18.5
6,19,13.0
0,12,8.25
2,15,8.5
8,19,14.666666666666666
1,24,11.6
4,23,12.333333333333334
1,18,9.0
33,33,33.0
4,13,8.0
12,12,12.0
0,0,0
5,5,5.0
2,10,6.0
9,9,9.0
0,22,13.25
10,24,17.0
11,18,14.5
18,18,18.0
8,8,8.0
19,19,19.0
6,13,10.666666666666666
11,18,14.5
9,11,10.0
1,2,1.5
13,20,16.5
6,23,11.25
7,15,10.75
12,12,12.0
6,47,16.166666666666668
8,20,14.0
17,22,19.5
16,16,16.0
3,3,3.0
3,13,10.4
7,7,7.0
1,18,9.2
1,18,9.5
2,18,12.25
13,13,13.0
8,22,17.0
8,18,14.333333333333334
7,22,17.0
8,27,15.666666666666666
1,7,3.3333333333333335
11,25,18.75
1,17,9.0
8,21,14.5
2,15,8.5
16,24,20.333333333333332
15,15,15.0
2,16,9.0
21,21,21.0
4,25,14.666666666666666
9,24,14.666666666666666
10,17,14.333333333333334
10,32,19.2
11,31,21.0
25,25,25.0
11,21,17.333333333333332
0,17,5.0
4,10,6.666666666666667
17,28,22.5
5,16,12.0
9,20,12.75
25,25,25.0
9,24,16.5
21,21,21.0
5,12,7.666666666666667
28,29,28.5
6,20,13.5
18,30,24.0
10,19,14.0
16,16,16.0
1,35,17.166666666666668
10,18,14.0
15,20,18.0
34,34,34.0
1,1,1.0
10,30,17.333333333333332
1,20,10.5
2,31,15.8
15,28,22.666666666666668
12,12,12.0
18,24,21.666666666666668
0,0,0.0
8,16,12.0
9,52,30.5
11,24,16.0
3,9,7.0
18,26,22.0
6,28,17.0
10,36,20.333333333333332
3,7,5.0
8,27,14.75
9,19,13.5
5,22,15.0
0,10,5.0
8,21,14.5
19,29,22.0
27,27,27.0
11,15,13.0
13,23,17.333333333333332
8,8,8.0
22,29,25.5
0,0,0
10,12,11.0
15,18,16.5
16,36,26.333333333333332
3,20,13.8
13,13,13.0
4,40,16.8
0,0,0
5,32,22.0
19,19,19.0
5,32,20.0
18,20,19.0
0,20,13.0
8,11,9.5
0,32,18.0
29,29,29.0
0,14,9.0
4,46,18.666666666666668
0,19,10.666666666666666
2,32,17.0
13,26,20.333333333333332
16,23,19.5
5,5,5.0
11,39,25.0
0,28,14.0
2,16,8.0
13,26,17.75
0,27,12.8
4,30,15.857142857142858
16,48,25.5
20,20,20.0
23,23,23.0
14,27,19.0
4,28,20.0
26,26,26.0
16,29,21.75
0,19,9.6
16,28,23.0
5,18,12.0
12,18,15.0
8,8,8.0
12,15,14.0
7,27,14.6
0,0,0
9,29,16.6
4,26,15.0
5,14,9.5
10,29,19.5
16,27,21.0
25,31,28.0
1,15,9.333333333333334
11,25,17.333333333333332
6,27,15.333333333333334
6,6,6.0
8,17,12.5
9,17,13.0
1,18,9.5
10,19,14.5
10,27,18.5
12,25,18.5
3,17,12.5
6,29,19.25
5,15,10.833333333333334
17,26,21.5
4,23,16.666666666666668
15,38,28.5
4,21,12.5
1,28,12.25
0,0,0.0
8,47,23.0
10,12,11.0
33,33,33.0
14,33,23.5
11,36,24.25
20,20,20.0
1,27,14.0
6,13,10.0
0,0,0
16,32,21.666666666666668
17,22,20.0
0,0,0
5,43,24.666666666666668
8,22,14.75
19,22,20.5
0,22,11.0
11,19,15.0
23,27,25.0
2,41,18.333333333333332
0,18,7.333333333333333
15,15,15.0
16,40,26.0
8,34,23.333333333333332
15,26,21.666666666666668
10,29,21.0
8,31,23.0
11,25,18.2
14,66,33.333333333333336
14,21,16.25
21,25,23.0
5,15,10.0
10,26,18.5
6,6,6.0
11,23,18.5
4,4,4.0
9,32,20.5
12,14,13.0
8,28,17.333333333333332
5,10,7.5
9,32,20.5
16,47,27.75
7,16,13.0
3,18,10.5
4,40,15.75
3,21,12.0
10,14,12.0
15,23,19.0
3,28,18.166666666666668
8,28,18.0
21,21,21.0
3,35,19.166666666666668
16,18,17.0
0,36,17.25
14,14,14.0
2,21,14.0
2,12,7.0
2,22,12.0
16,17,16.5
22,24,23.0
2,22,13.833333333333334
12,20,16.0
11,11,11.0
6,36,23.666666666666668
11,42,21.666666666666668
15,15,15.0
7,24,13.25
7,7,7.0
11,34,25.0
6,18,14.0
5,23,14.25
15,36,25.5
1,28,11.333333333333334
8,37,21.75
21,29,26.0
8,16,11.75
11,20,15.5
15,17,16.0
20,20,20.0
2,22,12.0
5,31,19.75
4,4,4.0
2,20,13.666666666666666
25,25,25.0
45,45,45.0
1,18,10.75
1,13,8.0
15,36,25.5
10,35,21.25
1,18,9.75
6,31,18.5
4,28,11.9
7,14,10.5
13,26,18.666666666666668
12,23,18.0
8,22,15.0
2,25,13.666666666666666
6,34,20.0
3,14,7.666666666666667
0,0,0
23,31,27.0
4,55,27.0
12,12,12.0
12,27,20.666666666666668
5,55,26.0
8,8,8.0
5,17,13.0
16,16,16.0
7,19,13.0
4,66,29.666666666666668
16,31,22.5
17,17,17.0
4,23,17.25
17,21,19.0
0,0,0.0
1,18,9.666666666666666
6,21,14.6
4,22,12.0
2,31,17.75
2,8,5.0
1,1,1.0
14,14,14.0
0,56,19.75
22,22,22.0
5,45,20.0
5,16,10.5
0,0,0.0
9,9,9.0
5,18,9.2
0,9,4.5
7,32,15.666666666666666
5,41,23.0
5,20,11.5
6,33,18.0
9,19,14.0
5,38,24.0
3,10,6.5
2,19,9.6
13,36,28.0
59,59,59.0
3,10,5.25
8,47,22.75
3,13,7.0
17,17,17.0
0,19,9.5
2,23,10.666666666666666
6,6,6.0
11,35,19.0
9,33,21.0
8,21,15.75
0,0,0
11,35,23.666666666666668
3,9,5.333333333333333
2,32,14.333333333333334
4,27,10.5
0,0,0
31,31,31.0
5,25,13.333333333333334
20,20,20.0
15,15,15.0
1,16,9.0
4,15,9.5
11,28,19.5
17,27,22.0
6,29,17.5
26,26,26.0
5,25,13.666666666666666
13,13,13.0
7,13,10.5
24,24,24.0
0,21,12.0
21,23,22.0
1,18,9.666666666666666
0,0,0
10,39,22.75
22,22,22.0
10,35,19.0
4,30,16.25
6,6,6.0
18,18,18.0
9,14,12.0
8,35,20.833333333333332
15,27,19.5
3,3,3.0
2,21,13.25
10,13,11.5
2,16,9.0
6,27,14.25
2,16,10.0
0,30,13.428571428571429
4,17,12.4
7,27,19.0
12,49,24.75
25,25,25.0
16,27,23.333333333333332
11,21,16.0
4,19,10.0
17,18,17.5
2,14,9.0
7,13,10.5
14,19,15.75
10,17,13.5
8,20,14.333333333333334
6,22,14.0
20,25,23.333333333333332
14,14,14.0
6,20,14.0
7,25,13.666666666666666
2,17,11.666666666666666
4,16,10.0
3,22,11.25
0,10,6.333333333333333
6,16,11.0
4,25,12.0
9,11,10.0
4,25,14.5
10,27,20.666666666666668
2,11,6.5
5,32,18.5
12,30,21.666666666666668
22,22,22.0
5,24,14.0
1,12,8.333333333333334
3,15,9.0
16,26,21.0
11,20,15.0
5,28,13.25
7,37,22.0
13,23,19.0
7,26,20.5
7,11,9.666666666666666
15,17,16.0
0,0,0
2,28,17.666666666666668
3,26,14.5
10,15,12.5
2,13,7.333333333333333
10,10,10.0
8,20,14.0
0,21,13.333333333333334
11,31,24.333333333333332
10,10,10.0
8,11,9.5
2,18,9.0
9,24,16.5
4,30,14.333333333333334
6,6,6.0
3,21,12.0
21,21,21.0
3,11,8.0
7,7,7.0
8,16,11.333333333333334
14,22,18.0
10,21,15.5
15,27,19.666666666666668
29,29,29.0
12,12,12.0
1,10,5.5
0,0,0.0
14,14,14.0
5,9,7.0
0,0,0
13,29,19.25
0,0,0
0,18,6.75
2,33,21.4
14,17,15.5
3,6,4.5
12,39,20.0
4,32,17.25
4,4,4.0
0,0,0
8,40,26.333333333333332
29,29,29.0
18,31,24.5
11,25,16.666666666666668
0,0,0
10,18,14.333333333333334
18,33,25.5
8,17,12.5
11,24,17.5
0,15,6.5
9,24,17.0
8,8,8.0
8,8,8.0
21,35,28.0
27,27,27.0
1,22,14.333333333333334
13,16,14.5
5,29,15.0
0,20,12.0
24,24,24.0
9,43,22.0
9,31,19.75
20,26,23.0
5,42,20.8
13,36,24.5
6,21,14.666666666666666
8,32,20.0
11,29,20.5
0,0,0
11,18,15.6
6,16,11.0
16,20,18.333333333333332
9,34,21.5
12,15,13.5
5,21,15.5
9,18,13.666666666666666
3,17,8.0
24,24,24.0
20,20,20.0
0,32,16.0
0,0,0
6,28,15.4
13,17,15.0
1,8,4.5
5,29,18.4
6,19,13.666666666666666
5,13,10.0
1,28,15.25
19,23,21.0
38,38,38.0
14,38,25.25
7,38,23.0
7,21,14.0
13,17,15.0
3,21,9.666666666666666
0,0,0.0
9,41,18.2
7,15,12.0
33,33,33.0
26,26,26.0
24,46,35.0
1,22,11.5
9,38,20.0
6,37,21.75
6,14,10.0
24,24,24.0
14,33,23.2
21,21,21.0
9,23,15.5
25,35,30.0
16,29,22.666666666666668
3,17,8.75
6,18,9.25
9,44,22.75
18,32,24.666666666666668
6,34,19.8
2,12,7.0
34,34,34.0
16,51,30.0
15,23,19.666666666666668
1,32,16.5
0,41,20.5
6,33,19.0
6,20,15.0
10,31,20.5
14,39,23.75
0,41,16.142857142857142
5,32,17.333333333333332
12,13,12.5
10,17,13.5
19,34,28.0
7,68,29.0
10,58,29.333333333333332
8,42,25.0
14,40,25.5
0,0,0
2,39,19.0
12,12,12.0
20,34,27.0
4,38,24.25
4,45,28.25
22,58,40.0
7,42,24.5
41,41,41.0
2,39,20.333333333333332
0,42,19.5
3,24,13.5
11,52,34.666666666666664
17,38,27.5
29,33,31.0
14,43,25.0
10,58,31.666666666666668
3,53,35.25
22,34,28.0
8,22,13.0
18,18,18.0
3,54,21.4
12,28,20.0
3,60,37.4
2,2,2.0
6,50,29.333333333333332
4,21,12.5
6,34,21.333333333333332
42,42,42.0
5,37,19.25
11,34,21.0
12,12,12.0
45,51,48.0
12,38,23.8
3,18,10.75
27,33,30.0
0,0,0
6,39,22.2
28,28,28.0
12,29,20.5
3,48,28.0
12,12,12.0
46,46,46.0
0,0,0
14,39,24.0
35,35,35.0
10,47,26.0
10,37,23.5
18,38,31.333333333333332
1,26,14.0
9,50,25.4
25,25,25.0
11,27,19.0
1,42,23.0
4,9,6.5
10,14,11.333333333333334
7,33,20.0
7,39,23.0
4,44,21.5
0,0,0
7,52,35.0
11,70,31.0
12,58,31.0
19,58,38.5
9,26,17.0
0,8,4.0
4,13,8.666666666666666
10,38,28.2
62,80,71.0
9,69,33.0
8,63,25.6
7,7,7.0
36,53,46.0
7,10,8.5
1,65,26.142857142857142
19,19,19.0
0,0,0
30,77,59.0
5,64,31.5
13,76,40.25
10,47,33.0
7,21,14.0
20,66,41.333333333333336
0,52,25.75
11,37,20.8
11,44,27.5
10,43,24.666666666666668
10,35,21.75
0,0,0
5,19,12.0
19,39,27.666666666666668
42,76,59.0
13,23,19.0
0,49,20.6
13,17,15.333333333333334
15,25,20.0
3,32,13.833333333333334
5,36,18.333333333333332
23,52,37.5
1,41,15.4
2,15,8.5
81,81,81.0
16,38,26.0
0,0,0
8,27,19.8
3,27,15.0
12,85,35.0
24,100,54.25
14,26,19.0
40,78,59.0
5,45,21.5
7,77,35.0
4,26,17.666666666666668
4,58,22.0
10,90,51.2
16,16,16.0
4,79,31.0
7,33,22.666666666666668
7,7,7.0
12,102,40.0
0,0,0
22,74,40.0
14,78,32.5
8,50,34.25
29,49,39.0
8,27,16.666666666666668
3,17,9.0
19,27,22.75
15,21,18.333333333333332
15,20,17.5
1,30,14.0
9,49,34.0
20,48,29.0
0,0,0
12,27,19.5
4,50,27.0
5,22,13.5
14,32,22.0
7,76,30.0
3,16,9.5
7,29,13.5
7,15,11.0
25,26,25.5
22,43,28.4
25,40,30.666666666666668
7,59,25.0
15,50,32.5
14,14,14.0
5,37,19.5
17,17,17.0
2,24,13.0
9,54,27.333333333333332
3,36,18.0
1,67,34.25
38,38,38.0
9,9,9.0
26,48,37.0
9,37,23.0
24,30,27.0
6,20,14.0
1,13,9.0
0,59,20.285714285714285
31,59,45.0
1,49,21.0
6,59,24.0
24,36,30.0
6,29,17.75
7,19,14.333333333333334
8,51,29.0
6,19,12.5
13,21,17.0
0,0,0
12,70,31.6
25,25,25.0
17,20,18.2
3,36,19.333333333333332
17,17,17.0
1,43,21.75
1,2,1.5
18,27,22.666666666666668
35,35,35.0
3,33,21.333333333333332
3,23,13.0
15,20,17.666666666666668
29,40,34.5
14,14,14.0
21,48,29.2
5,84,28.6
14,46,30.0
0,0,0
0,62,27.0
23,23,23.0
32,43,37.5
9,31,21.0
13,26,19.5
27,27,27.0
9,38,23.5
22,56,37.0
17,38,24.333333333333332
4,30,14.428571428571429
31,31,31.0
18,52,30.4
14,60,30.333333333333332
24,24,24.0
31,42,35.8
0,8,4.666666666666667
31,31,31.0
6,54,23.666666666666668
9,28,18.666666666666668
0,28,13.0
26,51,35.333333333333336
6,39,24.333333333333332
8,39,23.75
11,34,25.0
20,28,24.0
3,29,13.666666666666666
15,31,22.6
16,31,22.2
5,57,25.285714285714285
6,15,10.0
7,25,16.0
10,19,13.0
24,27,25.5
11,50,26.6
20,32,26.666666666666668
10,28,19.0
8,18,14.0
2,2,2.0
11,42,27.2
6,26,14.666666666666666
2,40,23.2
25,35,30.25
1,78,32.75
21,39,31.0
36,36,36.0
9,52,27.833333333333332
3,13,9.0
1,37,15.2
6,15,11.0
10,39,21.75
16,52,28.25
1,41,22.8
5,37,25.166666666666668
17,49,35.0
18,37,29.166666666666668
2,18,8.5
1,18,11.333333333333334
24,53,36.666666666666664
0,0,0
25,28,26.0
4,25,17.333333333333332
22,22,22.0
9,76,42.5
11,16,13.666666666666666
11,48,28.5
11,31,21.25
16,19,17.5
2,39,18.25
25,29,26.333333333333332
28,60,42.666666666666664
15,15,15.0
22,54,34.0
3,24,15.333333333333334
0,23,13.5
22,48,35.0
13,39,26.0
8,11,9.5
19,20,19.5
8,42,23.0
8,31,25.0
12,12,12.0
20,24,22.666666666666668
11,22,18.5
0,0,0
4,29,13.2
22,30,26.0
9,47,28.0
41,41,41.0
18,25,21.75
14,32,20.25
8,33,17.75
26,26,26.0
13,50,26.75
1,13,7.5
10,36,21.333333333333332
9,16,11.5
11,13,12.0
15,33,20.4
1,49,25.0
7,39,23.0
8,18,13.0
3,41,13.666666666666666
4,49,22.75
6,30,18.0
3,9,6.0
12,12,12.0
2,49,23.0
4,59,24.4
4,19,11.666666666666666
0,0,0
7,7,7.0
3,31,13.25
0,0,0
33,39,36.0
22,30,26.0
19,49,34.0
4,49,19.75
4,23,11.666666666666666
0,22,11.0
0,15,7.5
16,16,16.0
8,47,25.25
0,0,0
0,14,7.0
13,16,14.5
18,65,34.666666666666664
3,19,14.75
16,16,16.0
10,46,26.0
14,32,21.5
3,31,14.333333333333334
33,33,33.0
8,76,36.285714285714285
35,35,35.0
6,17,10.666666666666666
6,22,14.0
12,13,12.5
20,20,20.0
21,44,29.333333333333332
7,41,24.0
32,35,33.5
0,20,10.666666666666666
3,23,15.4
5,17,11.0
5,33,26.4
6,12,9.666666666666666
4,20,14.666666666666666
11,11,11.0
15,21,18.0
10,31,18.333333333333332
1,1,1.0
15,15,15.0
9,22,15.5
14,33,23.666666666666668
2,39,20.333333333333332
3,28,18.333333333333332
3,15,8.0
8,34,19.25
11,30,20.0
13,15,14.0
11,14,12.5
1,16,8.4
26,26,26.0
37,37,37.0
9,47,20.6
6,23,13.75
0,0,0
13,26,18.0
15,17,16.0
10,36,23.0
10,10,10.0
18,18,18.0
15,15,15.0
9,9,9.0
6,41,15.75
16,16,16.0
6,27,14.166666666666666
7,35,23.333333333333332
8,31,15.0
0,9,4.75
8,17,12.6
8,8,8.0
11,20,15.333333333333334
8,18,13.333333333333334
2,15,8.0
5,35,15.75
3,18,13.0
8,19,12.75
6,38,20.75
4,18,11.0
7,26,14.666666666666666
3,3,3.0
5,16,8.4
0,0,0
2,11,6.5
13,16,14.666666666666666
13,13,13.0
0,0,0.0
0,0,0
9,27,17.75
0,0,0.0
25,25,25.0
4,33,14.333333333333334
3,22,11.333333333333334
4,16,10.0
14,14,14.0
8,25,18.0
6,6,6.0
9,29,19.2
25,25,25.0
3,33,17.2
0,33,16.0
22,23,22.5
1,41,18.0
11,15,13.0
12,40,29.666666666666668
4,4,4.0
2,28,15.0
13,21,15.666666666666666
0,0,0
2,17,9.4
6,26,12.5
19,19,19.0
19,19,19.0
18,18,18.0
28,28,28.0
5,18,13.0
11,25,18.0
10,18,14.0
2,23,11.666666666666666
6,30,19.5
5,5,5.0
7,39,23.0
5,23,15.75
0,0,0
6,18,13.666666666666666
15,16,15.5
15,27,22.666666666666668
4,20,12.333333333333334
1,32,16.5
0,0,0
13,17,15.0
15,15,15.0
12,32,19.666666666666668
9,51,28.0
14,26,18.5
5,37,17.0
4,22,12.666666666666666
14,30,22.0
2,17,11.75
0,0,0
9,17,13.0
4,20,12.0
8,8,8.0
8,18,13.0
13,13,13.0
7,13,9.333333333333334
5,13,9.75
4,42,22.333333333333332
7,16,11.5
0,15,7.5
19,19,19.0
3,18,11.0
8,11,9.5
1,34,16.25
0,0,0
29,29,29.0
3,21,10.75
21,21,21.0
4,43,24.25
8,14,11.0
13,35,24.666666666666668
17,23,20.0
7,45,20.0
8,8,8.0
11,34,21.75
3,9,6.0
17,18,17.5
0,59,16.6
20,35,27.5
16,20,17.333333333333332
5,26,12.666666666666666
10,19,13.333333333333334
4,10,6.666666666666667
6,49,26.5
14,44,29.0
0,0,0
20,26,23.0
0,37,11.6
8,8,8.0
7,26,15.0
0,9,4.5
4,13,7.8
3,10,7.0
9,17,13.333333333333334
8,25,16.5
10,34,22.8
8,34,22.0
16,23,20.333333333333332
12,12,12.0
5,36,20.5
13,14,13.5
12,50,24.25
15,39,27.0
0,41,20.25
11,41,26.0
13,41,27.0
8,17,13.666666666666666
7,38,24.0
8,25,16.5
12,25,18.666666666666668
8,29,18.25
8,11,9.5
10,14,11.75
5,34,21.333333333333332
13,13,13.0
6,26,18.0
6,15,10.5
38,40,39.0
8,8,8.0
1,24,12.5
16,36,26.5
6,23,11.5
9,32,14.2
2,30,13.4
1,19,7.5
4,23,13.333333333333334
8,45,22.75
12,39,24.75
11,36,21.6
29,67,48.0
9,9,9.0
14,24,20.333333333333332
11,24,17.666666666666668
14,40,26.75
4,4,4.0
11,38,18.25
12,21,16.5
12,12,12.0
22,27,25.0
7,35,20.25
12,12,12.0
6,19,12.5
8,19,13.4
12,34,21.5
5,21,12.25
12,20,15.5
30,30,30.0
16,25,21.333333333333332
3,24,11.0
16,28,20.666666666666668
3,32,19.0
0,12,6.0
3,21,11.6
3,43,20.6
23,31,27.0
46,46,46.0
3,33,17.25
4,16,10.0
9,22,16.333333333333332
9,30,20.5
29,29,29.0
9,23,13.75
14,19,17.0
4,19,10.0
0,0,0
10,11,10.5
15,24,19.5
17,29,23.0
0,1,0.3333333333333333
3,19,11.0
5,16,9.0
6,6,6.0
3,42,18.25
5,18,11.5
3,39,16.8
6,6,6.0
3,40,20.4
4,12,8.0
6,8,7.0
17,17,17.0
7,7,7.0
6,39,16.625
4,4,4.0
14,52,31.333333333333332
3,18,10.5
0,16,8.0
0,12,6.0
7,45,20.666666666666668
14,33,24.666666666666668
41,41,41.0
5,13,8.0
9,38,17.0
12,70,33.666666666666664
8,25,17.5
10,66,24.75
2,10,6.0
11,27,17.666666666666668
11,18,14.5
2,44,23.0
4,12,8.0
7,23,15.0
13,13,13.0
0,36,20.333333333333332
6,20,11.0
20,31,25.5
0,0,0.0
11,38,22.333333333333332
8,8,8.0
1,1,1.0
0,39,18.0
8,30,17.333333333333332
1,11,7.0
0,0,0
1,22,11.5
9,32,17.333333333333332
0,0,0
1,18,9.6
14,19,16.5
2,13,7.5
11,17,14.0
8,17,12.5
0,0,0
5,5,5.0
21,21,21.0
14,36,22.333333333333332
15,22,18.5
8,35,19.4
14,14,14.0
33,33,33.0
7,24,15.333333333333334
20,20,20.0
15,23,19.0
9,30,21.5
9,9,9.0
2,31,15.6
4,13,8.5
20,31,25.0
5,17,11.0
5,29,14.0
1,23,10.25
31,39,35.0
7,27,15.75
0,0,0
10,12,11.0
4,15,9.5
4,4,4.0
6,6,6.0
6,21,13.5
0,0,0
3,52,20.0
3,5,4.0
14,20,16.666666666666668
0,20,10.0
7,22,16.666666666666668
5,9,7.0
15,28,21.666666666666668
1,14,7.25
2,41,21.5
20,20,20.0
14,29,21.5
12,19,14.666666666666666
4,17,12.5
10,10,10.0
0,0,0
1,8,4.5
9,22,15.5
13,22,17.0
3,13,8.666666666666666
5,5,5.0
12,21,16.5
4,28,14.5
4,21,14.0
8,18,13.25
4,37,16.0
0,0,0
5,20,15.0
11,15,12.666666666666666
3,28,13.0
5,5,5.0
8,21,13.333333333333334
0,36,13.333333333333334
13,31,20.166666666666668
0,0,0
0,24,10.75
7,11,9.0
11,32,22.0
8,30,16.833333333333332
18,23,21.333333333333332
13,17,15.0
12,49,30.5
13,30,20.75
13,39,26.0
8,32,19.5
2,19,10.0
0,27,9.666666666666666
15,33,22.25
1,9,6.333333333333333
5,12,9.333333333333334
10,19,14.5
0,26,13.5
8,18,11.666666666666666
7,24,14.0
2,12,7.0
7,7,7.0
18,29,23.5
5,59,29.0
0,6,3.0
33,33,33.0
18,32,25.0
5,30,19.25
22,33,27.5
0,26,14.333333333333334
20,27,23.5
5,43,19.4
11,22,16.5
32,32,32.0
19,33,24.0
12,64,27.0
6,19,12.5
7,7,7.0
4,17,9.5
20,20,20.0
21,38,29.5
15,28,22.666666666666668
10,14,12.666666666666666
3,42,22.333333333333332
5,37,17.4
3,19,13.0
5,68,31.25
15,24,20.0
8,26,14.25
20,42,31.0
8,63,26.666666666666668
19,19,19.0
16,49,32.5
10,38,26.0
10,35,18.333333333333332
8,25,13.666666666666666
16,27,21.5
21,31,25.5
5,31,21.8
10,25,17.5
22,22,22.0
9,12,10.333333333333334
17,20,18.5
6,32,19.0
28,28,28.0
7,26,17.0
9,16,12.0
2,28,12.666666666666666
0,8,4.333333333333333
0,0,0.0
0,54,24.0
51,51,51.0
2,15,7.666666666666667
1,37,23.0
11,30,22.333333333333332
12,27,18.666666666666668
1,25,10.2
28,28,28.0
7,22,12.5
13,13,13.0
6,45,26.666666666666668
6,38,17.75
48,48,48.0
0,22,11.0
18,18,18.0
25,31,27.0
2,15,9.666666666666666
0,17,8.0
2,27,12.666666666666666
10,37,20.0
3,25,16.666666666666668
5,5,5.0
7,22,15.333333333333334
31,31,31.0
11,14,12.0
25,45,31.666666666666668
19,19,19.0
11,11,11.0
3,38,20.75
7,28,17.5
0,17,8.5
20,20,20.0
2,21,7.5
8,49,22.333333333333332
27,27,27.0
0,35,15.0
7,21,12.8
27,27,27.0
19,19,19.0
7,25,13.666666666666666
12,27,20.75
14,25,19.5
8,26,17.0
4,37,20.0
25,25,25.0
0,0,0
3,11,7.75
10,37,26.666666666666668
3,66,25.857142857142858
14,14,14.0
13,19,16.0
8,9,8.333333333333334
26,26,26.0
10,11,10.5
3,64,22.25
20,20,20.0
8,34,24.666666666666668
11,21,16.0
56,56,56.0
9,30,20.6
31,31,31.0
2,37,19.5
40,40,40.0
19,31,25.0
10,34,21.666666666666668
8,14,11.0
8,41,24.5
26,43,33.666666666666664
32,55,43.5
4,22,14.5
1,15,8.0
3,49,22.75
10,42,21.25
4,25,13.333333333333334
8,24,16.0
11,31,21.333333333333332
6,40,20.6
3,18,9.666666666666666
10,43,24.333333333333332
15,19,17.0
7,35,22.25
19,22,20.5
5,59,23.75
0,23,11.5
1,43,22.25
13,13,13.0
7,34,21.666666666666668
17,18,17.5
6,25,12.0
3,52,30.0
4,6,5.0
4,31,16.25
1,31,20.666666666666668
11,17,14.333333333333334
5,20,14.625
8,24,16.666666666666668
7,19,13.0
10,24,17.0
11,53,31.25
11,41,26.75
8,40,21.0
5,19,11.0
9,55,29.666666666666668
12,12,12.0
2,25,13.5
13,23,17.0
4,20,12.666666666666666
0,21,12.0
7,37,20.0
9,50,23.333333333333332
35,53,44.0
21,21,21.0
4,14,8.8
3,21,12.0
5,18,12.0
4,12,9.0
11,38,27.0
8,29,12.4
0,0,0
3,17,10.5
7,24,15.5
8,24,16.0
10,31,16.75
1,21,14.0
5,20,12.5
6,28,14.0
1,17,7.75
7,17,12.0
5,36,20.666666666666668
9,37,20.5
1,1,1.0
6,23,14.75
12,12,12.0
0,13,6.25
14,20,17.0
4,28,16.333333333333332
21,21,21.0
6,16,11.0
9,35,22.2
9,11,10.0
7,10,8.0
15,15,15.0
10,10,10.0
12,12,12.0
0,0,0
1,29,14.166666666666666
0,3,1.5
0,28,14.833333333333334
15,15,15.0
18,35,26.5
2,13,7.5
9,9,9.0
7,7,7.0
2,34,20.0
14,30,22.0
6,35,17.333333333333332
18,18,18.0
6,31,19.333333333333332
2,26,14.0
5,28,14.666666666666666
16,19,17.5
25,25,25.0
18,18,18.0
6,21,11.0
10,36,19.666666666666668
3,39,15.25
6,6,6.0
14,17,15.0
0,0,0
22,36,29.0
8,8,8.0
9,26,17.5
2,30,14.5
1,28,16.5
2,22,9.333333333333334
3,12,8.0
11,32,22.0
4,21,11.25
3,25,12.5
7,16,10.25
0,0,0
24,24,24.0
3,14,8.5
3,19,11.0
1,30,17.0
9,22,15.5
1,38,14.5
3,16,11.6
7,36,19.0
5,31,12.8
4,6,5.0
12,12,12.0
2,27,10.333333333333334
14,21,17.5
22,30,26.0
4,20,14.333333333333334
7,44,23.4
15,15,15.0
12,22,16.75
9,21,15.666666666666666
5,22,16.0
0,17,10.0
1,47,16.0
1,14,10.0
13,18,15.5
3,3,3.0
0,0,0
14,14,14.0
7,7,7.0
6,16,11.666666666666666
14,14,14.0
9,16,12.5
2,29,15.5
11,16,13.0
5,23,14.0
6,30,19.75
7,12,9.25
12,14,13.0
1,17,9.666666666666666
8,20,14.0
8,8,8.0
24,24,24.0
0,25,10.666666666666666
7,25,16.0
5,21,13.0
2,11,7.333333333333333
7,35,21.666666666666668
9,24,16.6
4,18,9.6
4,14,9.0
30,40,35.0
5,27,12.666666666666666
9,24,14.0
0,0,0
3,24,10.25
9,15,12.0
9,31,18.5
0,0,0
19,21,20.0
8,47,20.75
12,12,12.0
17,31,23.5
11,12,11.5
8,36,19.666666666666668
1,19,10.0
7,11,9.25
11,20,15.0
16,23,19.5
6,39,18.0
9,22,14.666666666666666
4,32,22.2
0,0,0
3,40,16.5
16,35,23.0
3,19,10.25
12,12,12.0
4,30,17.0
12,31,24.333333333333332
3,18,11.25
1,10,5.5
14,14,14.0
22,22,22.0
0,0,0
0,0,0
5,33,18.0
9,31,15.5
0,23,13.0
2,14,7.333333333333333
3,3,3.0
8,28,15.0
12,22,16.0
16,32,24.0
5,24,12.333333333333334
4,21,13.5
11,11,11.0
10,10,10.0
10,15,12.5
6,24,16.666666666666668
0,0,0
0,25,15.333333333333334
15,15,15.0
12,23,17.0
0,0,0
1,16,6.4
11,16,13.5
11,14,12.5
30,30,30.0
0,2,1.3333333333333333
12,12,12.0
8,8,8.0
18,18,18.0
13,27,19.75
14,20,17.25
20,20,20.0
15,26,19.6
16,32,21.666666666666668
32,32,32.0
16,20,18.0
10,14,12.0
18,39,27.5
20,24,22.0
2,24,10.8
2,10,6.0
3,41,21.166666666666668
0,7,3.5
4,19,9.333333333333334
19,29,24.0
23,30,26.5
9,9,9.0
8,34,19.75
3,15,10.25
17,17,17.0
5,18,9.666666666666666
1,21,11.0
15,22,17.75
15,15,15.0
8,39,20.0
10,13,11.666666666666666
3,27,15.8
12,15,13.5
8,30,17.5
14,43,24.0
1,1,1.0
16,26,19.666666666666668
8,8,8.0
22,32,25.5
8,25,14.0
8,25,16.5
0,0,0
23,34,30.0
13,25,19.0
7,30,18.5
10,16,13.0
5,29,17.4
3,26,18.25
12,16,14.0
12,23,17.0
23,28,25.5
1,39,20.0
4,33,18.666666666666668
3,6,4.333333333333333
19,21,20.0
4,19,11.5
10,10,10.0
21,30,25.5
2,15,7.4
45,45,45.0
3,53,20.5
4,23,13.2
10,31,20.5
6,13,10.333333333333334
4,31,18.6
7,42,22.75
2,21,10.4
17,17,17.0
17,19,18.0
8,25,15.5
12,21,15.0
8,37,26.0
24,41,34.333333333333336
25,40,33.333333333333336
15,33,21.8
10,13,11.5
8,26,16.25
5,5,5.0
8,41,24.8
15,15,15.0
13,43,22.0
16,49,32.666666666666664
4,7,5.5
10,22,16.0
13,29,21.0
5,11,8.0
9,20,14.5
0,0,0
6,15,11.666666666666666
13,21,16.333333333333332
15,23,19.0
7,19,13.0
19,28,23.75
15,15,15.0
11,20,15.333333333333334
35,35,35.0
13,13,13.0
0,53,20.5
19,23,20.5
8,11,9.5
3,19,11.0
21,23,22.0
3,36,19.5
0,0,0
6,23,14.5
13,29,21.5
14,42,28.0
20,21,20.5
20,20,20.0
1,47,21.833333333333332
4,26,17.0
17,41,32.0
3,10,6.0
10,11,10.5
6,42,17.0
43,43,43.0
31,31,31.0
8,38,19.333333333333332
1,32,13.25
7,29,17.0
7,20,13.5
11,24,17.5
2,35,23.5
21,24,22.5
3,33,18.428571428571427
3,13,7.0
7,42,29.0
5,24,16.0
0,0,0
9,38,23.4
3,35,19.0
18,39,28.5
0,54,17.5
25,31,28.0
3,53,23.571428571428573
12,38,25.0
29,44,36.5
2,28,15.0
9,37,21.75
6,41,17.666666666666668
16,79,41.0
11,14,12.5
25,28,26.5
19,36,27.75
0,0,0
18,35,25.0
16,57,38.666666666666664
5,55,27.75
26,35,30.5
1,3,2.0
29,29,29.0
11,38,28.0
10,27,16.0
20,48,33.75
4,29,14.0
9,23,16.0
31,31,31.0
0,0,0
34,34,34.0
10,11,10.5
6,54,30.0
42,53,48.333333333333336
38,38,38.0
2,34,19.166666666666668
13,28,20.5
14,14,14.0
12,26,18.333333333333332
7,50,28.2
26,34,29.0
20,49,31.333333333333332
6,57,22.75
17,42,29.666666666666668
2,33,13.6
3,31,17.0
11,32,20.25
17,25,21.0
5,27,14.571428571428571
14,36,27.333333333333332
4,27,16.75
25,28,26.5
32,32,32.0
21,45,32.25
74,74,74.0
5,36,18.666666666666668
23,32,28.333333333333332
4,25,14.5
1,41,22.333333333333332
14,53,30.0
2,17,9.5
1,29,13.75
37,61,49.0
9,37,24.666666666666668
25,54,39.5
6,44,25.4
0,41,17.333333333333332
1,46,30.4
39,39,39.0
1,38,20.25
0,0,0
0,35,19.2
0,0,0
7,32,23.5
27,27,27.0
45,45,45.0
19,19,19.0
3,38,20.5
4,21,14.5
14,48,29.0
4,56,21.25
21,45,30.666666666666668
8,48,31.0
11,19,15.0
34,40,36.666666666666664
29,54,41.5
15,36,25.5
14,25,19.0
13,49,34.333333333333336
0,0,0
6,42,18.25
7,25,18.666666666666668
8,12,10.0
26,27,26.5
19,35,27.0
0,47,25.6
13,59,30.2
16,54,35.0
3,48,25.2
9,44,20.0
14,47,28.25
13,53,33.0
9,9,9.0
8,67,31.2
12,39,25.5
7,51,29.0
37,37,37.0
2,28,17.333333333333332
7,34,23.8
17,38,25.285714285714285
42,42,42.0
38,38,38.0
2,25,16.4
4,28,12.25
9,22,17.0
13,18,14.666666666666666
23,48,35.5
8,63,27.2
0,0,0
14,54,36.5
13,53,27.333333333333332
0,0,0.0
27,70,46.25
17,37,27.8
7,35,21.25
2,37,18.0
4,37,20.5
10,45,26.75
23,36,29.5
0,39,21.5
18,47,31.0
13,35,21.333333333333332
5,78,35.333333333333336
13,49,30.2
10,34,21.25
10,24,15.6
7,24,15.666666666666666
24,39,31.25
33,65,49.0
10,30,19.833333333333332
21,21,21.0
4,81,31.25
14,49,27.333333333333332
8,46,23.833333333333332
7,26,17.6
3,69,26.4
7,7,7.0
7,33,22.5
21,21,21.0
11,44,25.4
9,14,11.333333333333334
5,25,15.0
4,29,17.4
18,24,20.666666666666668
18,18,18.0
19,27,23.25
0,0,0
2,30,14.4
7,32,18.0
3,44,22.0
4,27,14.0
43,43,43.0
47,58,52.5
12,27,19.5
11,39,19.25
7,32,17.0
42,42,42.0
13,13,13.0
15,35,27.2
3,30,17.0
18,43,28.333333333333332
1,10,6.75
0,0,0
9,40,19.2
3,20,11.333333333333334
11,20,16.666666666666668
17,25,21.0
8,20,14.0
10,23,15.333333333333334
12,27,19.5
23,38,30.4
12,13,12.5
6,23,14.5
9,13,11.333333333333334
17,25,20.0
0,27,13.333333333333334
11,17,14.0
10,18,14.0
34,34,34.0
14,27,22.0
20,20,20.0
23,23,23.0
4,25,12.5
13,28,20.5
0,0,0
14,32,21.0
4,29,14.5
6,17,11.333333333333334
16,18,17.0
8,23,13.75
13,20,16.5
14,14,14.0
0,16,6.333333333333333
10,20,12.75
1,25,11.285714285714286
3,41,19.0
18,32,25.25
12,24,18.333333333333332
4,19,11.0
10,46,29.75
7,8,7.666666666666667
10,26,18.0
2,29,21.0
3,19,9.5
3,19,12.2
6,26,14.5
4,48,19.4
3,34,18.5
10,36,23.25
1,1,1.0
17,37,27.666666666666668
10,10,10.0
54,54,54.0
4,43,23.5
0,0,0
11,37,26.0
3,22,11.25
6,41,23.666666666666668
17,37,27.25
10,22,16.0
2,31,16.142857142857142
15,15,15.0
9,13,11.333333333333334
13,13,13.0
7,38,22.5
0,0,0
26,26,26.0
37,37,37.0
8,22,15.25
0,0,0
6,33,22.6
11,11,11.0
0,0,0
25,25,25.0
12,24,18.0
16,16,16.0
5,33,12.4
0,0,0
4,35,16.666666666666668
40,40,40.0
3,9,6.0
5,22,11.333333333333334
5,49,27.0
8,10,9.0
24,24,24.0
3,22,9.75
3,32,15.4
7,35,18.666666666666668
1,27,12.666666666666666
42,42,42.0
1,19,12.2
1,20,12.5
5,5,5.0
10,33,21.5
2,28,13.666666666666666
5,8,6.666666666666667
2,31,15.333333333333334
19,27,22.0
19,36,25.2
3,21,10.333333333333334
6,25,16.25
0,40,26.0
4,18,9.666666666666666
0,0,0
3,37,18.333333333333332
5,9,7.0
8,13,10.666666666666666
1,18,10.0
2,36,15.25
7,7,7.0
12,32,18.666666666666668
6,35,18.0
6,12,8.0
15,15,15.0
0,0,0
4,24,14.333333333333334
6,29,16.75
18,27,22.5
9,22,15.5
9,9,9.0
6,15,11.2
15,45,30.0
13,21,17.0
2,9,5.666666666666667
17,29,24.0
17,31,24.0
18,19,18.5
53,53,53.0
18,32,26.333333333333332
9,30,19.0
5,35,16.0
4,22,10.75
14,20,17.0
4,47,19.75
5,19,12.0
23,23,23.0
17,49,33.0
24,29,26.5
6,45,24.25
9,27,19.5
16,20,18.0
23,32,27.0
0,0,0
53,53,53.0
10,34,25.0
6,20,12.75
0,44,22.333333333333332
8,41,29.666666666666668
12,44,20.8
6,25,14.5
13,30,21.5
14,19,16.5
26,26,26.0
0,41,24.0
9,31,21.6
17,35,26.0
6,60,28.0
9,9,9.0
12,24,16.666666666666668
3,25,14.75
18,34,26.0
10,33,21.5
0,0,0
10,33,20.75
8,28,17.666666666666668
16,16,16.0
3,31,18.0
51,51,51.0
18,22,19.6
14,32,20.333333333333332
11,35,19.333333333333332
8,38,25.0
8,36,21.8
19,22,20.5
15,23,19.0
0,0,0
12,14,12.666666666666666
9,31,18.5
0,12,6.333333333333333
1,21,10.666666666666666
3,23,13.0
1,18,7.333333333333333
0,0,0
12,23,15.666666666666666
2,37,19.0
3,39,18.25
1,44,17.0
4,32,14.8
19,26,22.5
11,11,11.0
0,26,11.75
1,13,7.0
2,26,12.0
9,9,9.0
7,21,13.25
7,31,18.0
21,21,21.0
27,27,27.0
8,18,13.0
6,45,24.666666666666668
13,42,29.333333333333332
7,28,14.666666666666666
3,45,29.666666666666668
7,7,7.0
5,32,22.0
6,32,17.666666666666668
6,32,19.333333333333332
5,23,14.0
15,39,27.0
7,7,7.0
8,21,14.5
2,24,12.0
3,18,10.6
11,23,17.0
10,36,26.2
7,7,7.0
2,27,14.0
3,30,13.333333333333334
11,66,38.5
1,30,10.6
31,31,31.0
14,54,38.2
4,36,20.25
3,19,8.285714285714286
19,26,22.5
4,21,10.666666666666666
2,14,7.5
5,5,5.0
12,12,12.0
53,53,53.0
22,22,22.0
5,25,13.4
16,16,16.0
1,16,8.5
4,12,8.333333333333334
0,0,0
10,27,18.0
2,2,2.0
7,25,16.666666666666668
1,8,4.333333333333333
8,25,15.666666666666666
0,0,0
2,17,8.0
0,0,0
7,28,13.125
7,32,19.5
16,17,16.5
4,9,5.666666666666667
9,33,21.0
16,20,18.0
1,19,10.0
12,26,16.25
0,30,12.75
11,22,17.333333333333332
7,47,24.333333333333332
18,18,18.0
22,26,24.0
10,10,10.0
13,29,21.0
14,22,17.5
8,23,15.75
9,36,24.666666666666668
21,34,26.0
8,19,13.5
34,34,34.0
0,18,11.333333333333334
20,28,24.0
19,26,22.5
20,26,22.333333333333332
12,20,16.0
3,41,23.0
0,0,0
5,24,15.0
9,39,25.333333333333332
6,34,17.333333333333332
3,39,17.75
10,23,16.5
13,21,17.0
40,47,43.5
8,21,14.0
27,27,27.0
2,26,13.666666666666666
11,11,11.0
7,23,13.5
14,52,28.333333333333332
1,14,9.4
12,32,23.333333333333332
10,29,19.0
0,0,0
19,19,19.0
31,31,31.0
0,36,17.625
22,22,22.0
3,12,7.333333333333333
8,30,17.0
0,22,13.666666666666666
0,0,0.0
3,18,13.5
11,29,20.0
1,32,16.666666666666668
10,12,11.0
9,25,17.0
15,26,20.5
6,45,20.75
11,20,17.0
6,14,9.333333333333334
9,33,18.0
4,18,11.0
7,9,8.0
7,43,17.25
18,48,30.666666666666668
4,35,19.75
0,0,0
10,14,11.333333333333334
10,23,16.5
2,19,11.0
8,8,8.0
1,28,10.75
11,11,11.0
8,8,8.0
7,23,15.0
7,24,17.8
26,26,26.0
13,22,17.5
3,12,7.5
8,37,24.0
3,3,3.0
4,37,14.2
4,9,7.0
1,30,14.2
9,14,11.666666666666666
12,34,20.333333333333332
3,26,18.0
0,0,0
4,35,21.4
24,25,24.5
17,42,29.5
9,37,20.666666666666668
19,19,19.0
4,49,27.666666666666668
15,15,15.0
19,46,32.5
8,35,22.0
0,0,0
4,25,17.0
3,21,11.666666666666666
7,32,23.0
6,24,17.0
11,40,19.75
18,23,20.5
4,27,14.666666666666666
1,40,15.666666666666666
13,13,13.0
10,20,14.5
17,17,17.0
4,26,10.0
6,34,22.333333333333332
6,24,15.0
4,34,15.25
0,0,0
2,22,13.6
13,31,25.0
4,9,6.5
4,14,9.0
8,25,18.0
13,13,13.0
12,20,16.0
7,32,18.5
3,22,12.5
11,33,22.0
4,14,7.8
26,26,26.0
11,39,25.0
10,40,24.8
6,11,8.666666666666666
1,38,20.25
12,41,23.666666666666668
8,34,19.666666666666668
18,23,20.5
7,21,14.0
4,10,7.0
4,30,18.666666666666668
0,0,0
0,42,22.666666666666668
3,3,3.0
7,29,18.333333333333332
10,10,10.0
12,20,15.333333333333334
25,36,30.5
4,40,17.166666666666668
22,22,22.0
6,21,13.0
22,42,30.666666666666668
20,20,20.0
9,29,20.75
9,24,16.5
14,31,22.5
1,17,10.333333333333334
26,26,26.0
9,37,18.4
0,0,0
0,20,8.833333333333334
27,42,34.5
7,15,9.666666666666666
8,16,12.0
8,44,25.0
13,15,14.0
3,28,16.75
0,0,0
15,33,23.666666666666668
6,19,11.0
11,36,20.333333333333332
4,33,16.4
2,2,2.0
12,26,21.0
8,16,12.666666666666666
25,32,28.5
6,35,20.5
4,39,23.0
7,13,9.333333333333334
4,15,9.142857142857142
0,0,0
5,16,10.75
38,38,38.0
12,70,26.5
22,27,24.5
18,34,22.75
1,22,11.0
4,4,4.0
5,27,17.0
17,17,17.0
8,27,17.5
1,31,19.5
26,26,26.0
16,16,16.0
8,31,20.0
5,20,13.5
7,11,9.333333333333334
6,29,18.666666666666668
8,20,12.0
3,14,7.666666666666667
13,48,30.5
13,17,15.0
5,24,13.6
0,0,0
7,30,16.0
17,17,17.0
7,26,19.0
8,40,25.666666666666668
5,15,11.333333333333334
14,14,14.0
1,25,11.0
0,0,0
0,0,0
10,12,11.0
16,17,16.5
3,8,5.5
0,15,8.666666666666666
14,35,24.5
6,13,10.0
3,22,12.5
20,20,20.0
2,25,13.5
5,14,9.5
12,34,19.666666666666668
3,3,3.0
19,19,19.0
20,26,23.0
4,21,12.5
8,29,16.333333333333332
8,10,9.0
7,33,16.6
6,13,8.25
11,24,17.5
5,19,12.0
27,27,27.0
14,18,16.0
12,21,16.5
8,29,19.333333333333332
1,1,1.0
6,23,16.666666666666668
12,29,20.5
6,6,6.0
7,34,19.666666666666668
17,25,21.0
12,27,19.5
0,0,0
19,20,19.5
3,43,23.0
0,0,0
1,11,5.333333333333333
14,20,17.0
0,30,17.5
0,0,0
8,19,13.333333333333334
4,45,15.0
4,25,14.5
9,17,12.0
27,27,27.0
0,0,0.0
11,19,15.0
2,2,2.0
3,24,13.6
4,6,5.0
8,27,21.6
4,21,12.5
12,18,15.25
10,32,18.8
30,55,42.5
1,34,20.2
17,34,24.25
20,42,28.333333333333332
30,38,34.666666666666664
9,29,16.0
6,19,11.333333333333334
4,14,9.0
2,17,8.5
3,35,18.25
15,27,20.25
3,38,15.2
9,15,11.666666666666666
17,18,17.5
8,37,23.333333333333332
9,29,17.333333333333332
4,41,22.5
12,53,26.0
2,41,24.666666666666668
14,25,17.666666666666668
13,41,22.75
10,24,17.75
3,3,3.0
9,34,22.75
8,24,14.666666666666666
7,14,9.666666666666666
3,35,17.6
0,29,14.5
4,25,15.2
0,0,0
9,13,11.333333333333334
0,0,0
3,3,3.0
7,34,17.5
8,37,22.5
14,14,14.0
7,35,22.166666666666668
11,38,20.333333333333332
7,60,30.0
33,35,34.0
23,28,24.666666666666668
12,22,16.8
11,11,11.0
6,36,22.285714285714285
6,16,11.0
9,23,15.6
14,14,14.0
2,18,10.0
16,22,19.0
7,39,27.25
5,42,25.4
10,35,22.5
0,10,6.333333333333333
5,19,12.333333333333334
13,35,26.333333333333332
10,12,10.666666666666666
9,9,9.0
4,32,16.0
4,4,4.0
16,17,16.333333333333332
11,24,15.333333333333334
27,27,27.0
8,23,17.5
10,39,21.5
24,37,30.5
3,16,8.8
4,4,4.0
9,39,19.4
10,32,20.4
15,18,16.5
13,60,24.6
10,17,13.5
3,24,15.666666666666666
10,10,10.0
4,22,10.6
10,25,15.333333333333334
9,24,15.0
5,29,16.0
5,35,20.0
14,18,16.0
8,28,18.0
15,31,21.25
6,13,8.666666666666666
2,23,13.333333333333334
4,19,11.5
15,16,15.5
0,0,0
3,20,9.0
10,28,19.0
8,20,14.0
48,48,48.0
6,31,13.2
19,19,19.0
10,30,18.0
14,14,14.0
4,44,24.333333333333332
7,7,7.0
5,16,12.0
8,23,15.75
3,17,10.666666666666666
7,21,13.4
17,17,17.0
4,4,4.0
16,28,20.666666666666668
7,16,10.5
24,29,26.5
0,0,0
5,32,16.5
26,26,26.0
18,19,18.5
13,13,13.0
17,25,20.666666666666668
8,24,15.0
25,25,25.0
16,34,22.5
8,8,8.0
0,12,6.75
4,4,4.0
14,26,20.0
11,14,12.5
1,24,13.0
15,26,20.5
0,27,12.75
22,22,22.0
0,32,12.6
9,21,15.0
1,24,9.0
6,34,22.6
4,22,15.333333333333334
14,28,22.0
1,1,1.0
13,25,19.4
14,14,14.0
7,33,15.666666666666666
1,21,11.0
3,5,4.0
1,36,16.75
37,37,37.0
0,8,3.3333333333333335
4,21,11.0
0,41,19.25
20,38,29.0
3,9,6.0
7,27,18.75
17,43,30.0
40,41,40.5
5,13,8.5
26,26,26.0
1,21,12.5
10,11,10.5
3,28,15.0
8,48,34.0
1,42,15.0
26,33,29.5
11,28,21.4
11,28,20.2
4,33,24.5
2,33,17.5
9,39,17.0
19,23,21.0
5,35,17.5
33,39,36.0
4,31,17.0
9,30,18.75
3,25,16.25
11,24,18.666666666666668
10,32,20.0
2,31,18.25
6,13,9.5
7,29,17.6
3,54,21.0
9,9,9.0
8,43,27.0
19,19,19.0
20,39,30.666666666666668
11,22,16.5
7,26,17.5
0,0,0
5,29,17.0
6,27,16.5
0,0,0
9,37,20.0
27,27,27.0
17,24,21.666666666666668
9,27,15.333333333333334
17,30,23.5
11,27,18.25
20,28,25.333333333333332
7,36,21.5
7,42,24.5
10,36,17.75
14,27,19.666666666666668
15,31,23.0
23,23,23.0
1,24,12.5
13,28,21.5
8,21,15.5
1,21,7.857142857142857
2,29,16.5
9,20,14.5
11,25,18.333333333333332
8,24,15.5
3,22,14.333333333333334
19,23,21.0
9,20,14.0
7,20,13.5
9,40,24.5
2,2,2.0
32,35,33.5
15,15,15.0
37,37,37.0
28,28,28.0
18,22,20.333333333333332
8,35,21.333333333333332
6,30,16.0
9,17,13.0
11,47,23.333333333333332
5,20,15.75
2,27,15.333333333333334
7,18,12.5
9,29,18.75
8,29,17.0
7,7,7.0
5,22,15.75
9,11,10.0
18,33,24.5
14,18,16.0
16,53,25.0
14,16,15.0
1,15,9.4
20,23,21.5
15,66,31.5
7,43,24.25
0,0,0
11,32,18.166666666666668
21,33,29.0
2,29,12.8
6,6,6.0
62,62,62.0
6,6,6.0
3,26,14.0
0,0,0
10,54,32.75
4,16,10.0
26,30,28.333333333333332
14,18,16.0
7,28,19.333333333333332
7,24,14.8
0,23,9.166666666666666
14,14,14.0
8,17,12.5
4,29,19.333333333333332
27,30,28.5
7,17,13.0
0,1,0.5
9,25,17.0
14,22,18.0
17,25,21.0
3,28,16.333333333333332
0,0,0
5,14,8.6
2,12,7.0
2,23,9.6
11,33,23.75
10,10,10.0
11,19,14.666666666666666
8,19,13.0
17,29,23.666666666666668
11,22,16.5
10,37,23.5
9,9,9.0
8,27,18.4
16,32,22.666666666666668
11,39,21.666666666666668
10,31,20.5
23,23,23.0
16,30,23.0
0,0,0
1,35,18.666666666666668
3,3,3.0
10,40,19.833333333333332
0,0,0
7,21,13.666666666666666
5,26,12.0
6,45,21.285714285714285
10,27,18.5
21,34,27.5
21,21,21.0
9,38,23.333333333333332
15,32,20.75
10,10,10.0
8,15,11.5
2,11,6.5
12,22,17.75
5,20,13.75
14,28,22.333333333333332
1,37,18.75
1,30,20.25
15,26,20.5
9,29,22.0
11,45,24.75
8,32,16.833333333333332
19,41,30.0
18,37,29.0
1,46,22.0
5,18,10.8
11,24,17.5
2,25,9.333333333333334
18,18,18.0
7,26,13.666666666666666
16,30,25.0
12,19,15.5
23,23,23.0
9,30,18.25
6,30,17.333333333333332
0,0,0.0
4,48,25.0
40,40,40.0
21,29,25.0
3,28,13.5
5,34,13.5
2,42,18.6
26,31,29.0
0,0,0
3,34,21.333333333333332
2,20,9.333333333333334
10,10,10.0
9,19,15.333333333333334
6,40,17.5
20,20,20.0
6,36,17.0
7,29,16.25
15,39,27.0
0,34,15.333333333333334
4,28,16.0
11,30,21.2
0,0,0
10,24,14.25
11,15,13.0
6,38,21.25
27,37,32.0
18,42,30.0
36,36,36.0
1,23,12.0
13,15,14.0
14,27,20.5
1,8,4.5
13,38,28.666666666666668
0,0,0
7,18,11.25
0,0,0
2,37,16.5
26,32,29.0
3,32,17.5
20,24,22.0
9,9,9.0
1,35,18.5
2,65,19.833333333333332
6,47,31.5
6,42,23.75
0,37,21.4
0,37,18.5
16,16,16.0
7,37,22.2
20,20,20.0
6,18,11.666666666666666
11,40,20.666666666666668
6,39,20.6
31,31,31.0
20,36,28.0
6,17,10.666666666666666
17,41,27.0
40,51,45.5
6,18,13.333333333333334
10,18,12.666666666666666
4,33,21.8
0,23,11.2
0,43,13.5
12,28,19.75
1,29,15.25
11,62,27.75
13,16,14.5
14,29,21.833333333333332
5,18,9.5
20,26,23.0
12,12,12.0
1,1,1.0
33,33,33.0
10,46,23.333333333333332
7,11,9.0
15,42,25.0
23,23,23.0
5,32,17.2
3,68,35.5
7,21,12.0
20,31,25.333333333333332
20,54,32.0
0,0,0
3,29,12.333333333333334
9,29,16.666666666666668
8,22,13.0
30,30,30.0
18,34,25.333333333333332
2,30,12.666666666666666
8,27,17.5
3,31,14.666666666666666
12,12,12.0
15,15,15.0
0,0,0
8,22,15.0
6,18,10.0
11,11,11.0
39,39,39.0
8,30,16.25
14,27,20.5
0,0,0
7,50,22.25
25,25,25.0
9,13,11.0
25,31,28.0
7,78,26.75
23,30,26.5
11,17,14.0
20,56,34.5
13,21,17.0
16,35,25.5
4,32,22.4
6,29,14.666666666666666
8,21,14.5
15,31,23.0
10,17,13.25
19,19,19.0
6,62,34.0
0,0,0
0,29,14.0
25,33,29.0
4,23,13.833333333333334
10,10,10.0
7,37,21.666666666666668
29,29,29.0
7,34,24.666666666666668
9,25,17.0
2,35,19.333333333333332
3,15,9.0
16,44,31.0
12,30,21.0
17,51,28.714285714285715
24,32,28.0
23,29,26.0
22,25,23.666666666666668
24,47,30.0
2,24,16.333333333333332
1,10,5.5
18,38,30.666666666666668
0,0,0
2,37,23.333333333333332
31,36,33.5
16,47,28.833333333333332
6,53,31.5
21,24,22.333333333333332
8,59,30.4
19,27,23.25
0,33,18.0
8,12,10.0
38,38,38.0
25,36,29.0
8,61,32.666666666666664
0,17,10.666666666666666
30,30,30.0
4,39,17.666666666666668
15,15,15.0
13,37,22.2
1,50,24.4
13,40,26.0
33,37,35.0
16,59,32.666666666666664
0,36,20.666666666666668
10,44,24.0
13,29,21.0
18,20,19.0
6,46,27.5
11,40,28.75
21,21,21.0
1,31,17.333333333333332
15,37,26.0
6,50,28.0
20,34,26.8
2,81,38.0
13,30,21.5
2,40,21.0
25,41,33.0
31,43,37.0
7,7,7.0
15,26,22.0
3,9,6.0
9,30,20.5
20,35,27.666666666666668
2,31,14.75
15,15,15.0
27,42,33.666666666666664
24,29,26.333333333333332
6,24,16.5
6,40,26.666666666666668
25,42,32.666666666666664
31,31,31.0
7,35,21.0
27,33,29.666666666666668
12,12,12.0
6,43,23.75
8,39,22.333333333333332
8,15,11.5
19,70,44.5
5,60,23.833333333333332
0,16,5.666666666666667
18,38,28.0
5,29,15.2
22,22,22.0
5,36,20.0
21,39,28.333333333333332
6,28,17.0
13,81,38.2
40,40,40.0
9,28,17.333333333333332
8,27,16.666666666666668
16,49,27.666666666666668
17,17,17.0
7,7,7.0
24,24,24.0
3,35,17.333333333333332
9,30,19.5
16,49,27.25
4,48,21.25
8,47,24.25
7,37,22.0
11,21,15.0
29,54,35.5
46,46,46.0
24,38,30.666666666666668
3,13,8.666666666666666
12,53,32.5
9,34,27.0
9,34,17.0
3,24,13.2
14,19,16.25
5,32,18.4
8,38,19.25
34,44,39.0
7,36,19.8
13,48,33.333333333333336
18,50,34.25
12,19,15.5
23,41,30.0
5,55,23.0
18,30,24.0
6,42,23.2
1,33,17.0
16,48,32.333333333333336
5,62,27.2
13,13,13.0
6,16,11.0
0,0,0
16,30,23.0
1,34,18.0
15,21,18.0
33,39,36.333333333333336
3,28,16.5
0,64,23.0
12,32,22.0
12,50,35.333333333333336
13,43,28.0
0,0,0
3,39,19.125
26,26,26.0
1,48,22.166666666666668
0,0,0
32,36,34.0
6,36,24.333333333333332
4,21,12.5
27,59,40.5
3,44,17.666666666666668
2,52,31.4
21,21,21.0
13,26,19.5
8,45,25.75
11,46,24.333333333333332
16,30,24.666666666666668
17,34,26.25
21,23,22.333333333333332
4,23,13.0
10,31,22.5
3,23,11.333333333333334
0,32,20.333333333333332
25,36,30.5
26,48,37.0
12,44,29.0
43,43,43.0
6,34,21.0
11,41,28.8
5,76,28.4
8,52,30.0
16,59,34.666666666666664
5,56,25.75
10,25,17.25
22,52,31.5
15,43,24.5
12,19,15.5
10,28,20.75
13,24,18.5
8,10,9.0
6,29,18.25
12,12,12.0
6,31,19.0
12,35,20.5
12,45,30.333333333333332
13,50,33.0
26,46,32.666666666666664
20,23,21.5
6,30,19.0
4,14,9.0
13,55,27.2
48,48,48.0
10,25,17.5
3,21,14.0
12,61,26.5
6,32,17.2
7,72,33.75
15,47,34.25
12,34,20.75
3,21,11.714285714285714
9,37,22.4
13,13,13.0
0,0,0
34,50,42.0
7,7,7.0
6,33,17.2
3,9,6.0
2,24,14.666666666666666
13,19,16.0
5,28,15.0
7,9,8.0
0,0,0
1,17,9.5
12,30,21.0
27,33,30.0
2,69,32.4
20,27,23.5
3,24,14.333333333333334
8,29,18.333333333333332
15,15,15.0
5,33,19.0
21,42,27.0
5,47,18.5
8,40,23.0
3,33,13.666666666666666
12,12,12.0
0,12,6.0
11,29,19.0
2,18,9.0
28,28,28.0
8,69,30.0
19,19,19.0
5,33,19.8
7,27,15.0
19,22,20.5
4,31,19.2
2,26,10.2
0,15,9.666666666666666
2,19,12.666666666666666
3,33,18.666666666666668
18,20,19.0
4,18,9.0
11,20,14.75
0,0,0
7,15,11.0
4,44,22.333333333333332
4,22,10.333333333333334
7,39,17.6
10,17,13.5
29,44,36.5
6,29,14.666666666666666
2,17,9.5
3,37,17.25
5,8,6.5
1,28,15.666666666666666
6,6,6.0
12,22,16.666666666666668
9,9,9.0
4,19,13.0
0,0,0
23,31,27.0
21,21,21.0
21,32,26.0
23,23,23.0
2,16,6.4
14,18,16.0
3,25,12.5
9,10,9.5
6,28,16.8
7,24,15.333333333333334
8,8,8.0
6,27,16.5
16,28,20.666666666666668
7,23,15.0
2,22,11.333333333333334
10,15,12.5
2,28,13.0
0,0,0
3,7,5.0
0,24,9.0
14,14,14.0
16,16,16.0
1,36,11.6
10,10,10.0
18,18,18.0
7,27,17.0
6,15,11.0
11,13,12.0
12,31,23.333333333333332
9,23,16.0
3,3,3.0
7,13,9.333333333333334
3,24,16.333333333333332
0,0,0
6,19,11.666666666666666
2,2,2.0
0,13,6.5
9,25,17.0
13,14,13.5
0,0,0.0
1,43,22.333333333333332
0,0,0
9,9,9.0
16,19,17.5
14,26,18.666666666666668
5,9,7.0
20,20,20.0
6,16,11.0
18,18,18.0
4,4,4.0
0,0,0
1,29,16.25
0,22,8.5
5,34,25.75
11,15,13.0
4,10,7.0
1,1,1.0
1,32,12.333333333333334
10,17,13.5
2,9,6.666666666666667
0,0,0
7,19,11.666666666666666
2,14,8.0
10,13,11.666666666666666
9,9,9.0
4,28,15.75
3,19,11.0
30,30,30.0
6,18,12.666666666666666
8,8,8.0
12,24,17.666666666666668
0,15,9.333333333333334
3,17,12.2
10,14,12.333333333333334
8,17,12.5
9,11,10.0
5,32,18.5
3,25,15.666666666666666
19,23,21.0
12,13,12.666666666666666
2,26,15.0
0,0,0
0,28,16.666666666666668
0,0,0
15,24,19.5
30,30,30.0
2,19,11.333333333333334
3,21,10.0
17,54,32.333333333333336
13,27,19.75
7,25,16.0
7,31,17.6
6,24,15.0
3,32,20.25
1,16,8.5
9,53,31.0
12,12,12.0
4,12,8.0
5,23,14.0
6,23,14.666666666666666
5,17,11.0
1,16,8.5
11,23,16.5
1,25,13.0
0,7,3.5
1,19,10.0
11,34,20.0
20,20,20.0
21,34,29.333333333333332
12,19,15.5
7,7,7.0
5,31,19.666666666666668
36,36,36.0
15,28,21.0
28,28,28.0
0,26,13.0
12,18,15.0
5,43,18.666666666666668
0,37,19.666666666666668
2,25,16.25
11,31,21.0
8,36,24.5
6,24,13.666666666666666
21,22,21.5
16,16,16.0
14,18,16.4
6,19,12.5
13,13,13.0
6,20,15.25
11,24,18.25
15,35,27.0
6,28,17.0
11,11,11.0
7,18,14.0
9,34,23.25
8,52,23.5
7,9,7.666666666666667
9,20,12.25
11,44,23.0
4,45,23.2
12,20,17.0
11,11,11.0
3,21,11.6
18,23,21.0
3,38,20.0
22,22,22.0
0,12,5.666666666666667
5,18,12.75
30,30,30.0
19,51,35.0
14,28,21.0
45,45,45.0
7,31,17.25
13,30,22.666666666666668
23,23,23.0
6,35,14.8
7,24,13.0
7,18,12.5
4,14,7.666666666666667
9,9,9.0
5,13,9.0
3,34,17.125
8,8,8.0
5,21,13.0
6,36,21.75
20,20,20.0
7,31,17.0
11,11,11.0
21,70,45.5
4,42,17.6
10,21,15.666666666666666
6,18,12.25
13,27,20.0
5,43,19.666666666666668
3,8,5.5
15,26,21.333333333333332
12,36,24.666666666666668
14,26,18.333333333333332
27,27,27.0
9,24,18.0
16,16,16.0
5,20,12.5
5,23,14.0
11,11,11.0
11,33,18.4
33,33,33.0
1,24,13.833333333333334
11,15,13.0
9,35,22.0
7,14,10.666666666666666
17,17,17.0
16,17,16.5
9,22,15.5
17,32,24.5
1,28,14.25
3,26,14.5
0,30,19.333333333333332
19,47,33.0
0,26,16.0
0,32,21.25
6,61,20.75
9,25,17.0
10,18,14.666666666666666
7,12,9.5
8,24,18.4
4,4,4.0
15,59,37.0
10,53,26.0
14,18,16.0
10,20,15.0
7,35,16.714285714285715
14,30,22.0
11,20,14.0
7,16,12.333333333333334
4,23,13.5
2,12,7.75
11,11,11.0
17,28,20.666666666666668
14,14,14.0
14,19,16.5
19,19,19.0
5,20,13.666666666666666
16,16,16.0
3,33,15.666666666666666
11,21,15.75
9,28,16.0
8,35,22.833333333333332
13,13,13.0
9,38,23.666666666666668
0,17,9.0
0,14,6.333333333333333
0,0,0
6,22,14.0
4,23,11.833333333333334
12,38,24.0
9,20,14.5
8,14,10.666666666666666
1,14,9.333333333333334
5,22,13.5
14,28,20.5
18,22,20.0
0,0,0
10,39,21.2
0,0,0
1,45,23.666666666666668
0,39,18.75
37,37,37.0
2,32,20.0
0,22,12.0
1,1,1.0
2,28,15.333333333333334
6,22,13.666666666666666
17,43,26.0
2,2,2.0
3,18,13.0
1,26,16.6
4,29,14.166666666666666
0,22,11.5
14,20,17.0
5,13,9.666666666666666
2,54,27.75
1,30,15.5
0,18,10.333333333333334
13,20,16.5
13,36,24.5
14,31,22.0
19,19,19.0
1,24,14.0
0,26,13.0
11,32,21.4
0,0,0
10,32,22.0
10,33,18.333333333333332
2,2,2.0
0,13,6.5
17,43,26.0
6,15,10.5
1,38,16.5
8,8,8.0
4,43,21.666666666666668
9,35,21.666666666666668
10,16,13.0
12,42,25.833333333333332
10,18,14.0
4,34,15.666666666666666
7,12,9.666666666666666
44,44,44.0
4,13,9.0
7,16,11.5
1,34,12.0
0,10,5.0
8,19,13.333333333333334
8,8,8.0
13,13,13.0
6,25,15.5
14,18,16.0
26,26,26.0
12,39,25.2
14,14,14.0
6,22,12.0
14,14,14.0
6,36,16.4
9,24,16.75
5,14,10.333333333333334
10,29,19.333333333333332
9,41,21.666666666666668
16,16,16.0
6,53,17.2
4,39,21.0
28,45,35.0
10,20,15.0
17,44,32.333333333333336
6,25,12.333333333333334
2,15,8.5
31,31,31.0
15,25,20.0
17,17,17.0
4,29,16.333333333333332
1,26,10.5
7,26,16.0
36,36,36.0
4,15,8.666666666666666
13,21,18.0
4,11,7.5
3,24,13.5
7,23,16.333333333333332
9,30,19.5
1,20,9.0
4,45,18.0
0,0,0
2,7,3.6666666666666665
56,56,56.0
4,8,6.333333333333333
10,15,12.5
36,36,36.0
7,15,11.25
5,21,11.333333333333334
5,29,17.0
14,14,14.0
10,18,13.333333333333334
11,11,11.0
3,17,10.0
18,18,18.0
24,24,24.0
5,26,15.666666666666666
2,14,8.0
9,35,17.666666666666668
6,25,15.8
9,9,9.0
2,26,15.285714285714286
5,5,5.0
0,19,8.333333333333334
13,14,13.5
8,36,21.0
0,14,8.333333333333334
3,7,5.666666666666667
14,14,14.0
4,23,13.5
3,55,23.0
12,12,12.0
46,46,46.0
5,5,5.0
16,16,16.0
2,7,4.0
11,20,15.5
8,8,8.0
31,31,31.0
0,0,0
0,13,7.333333333333333
5,30,16.75
3,3,3.0
9,60,26.25
9,12,10.5
17,28,22.5
1,23,15.666666666666666
0,33,16.5
5,16,9.333333333333334
7,32,17.8
5,6,5.5
2,27,15.0
0,45,20.5
15,18,16.5
5,10,7.5
8,27,17.5
9,23,15.75
25,25,25.0
2,23,10.4
3,37,17.4
7,48,21.0
19,27,23.0
8,22,15.0
14,14,14.0
6,15,9.5
12,12,12.0
7,21,16.0
9,54,31.5
63,63,63.0
9,9,9.0
17,17,17.0
7,31,18.2
9,39,25.4
0,6,3.0
10,30,19.0
15,51,28.0
3,21,9.166666666666666
8,26,17.0
6,35,22.0
4,29,16.5
1,24,9.666666666666666
1,31,15.666666666666666
11,19,15.0
11,28,19.5
3,30,15.333333333333334
8,41,24.6
0,0,0
7,31,17.0
7,34,16.5
2,22,11.0
8,9,8.5
0,26,10.0
3,42,21.2
7,22,15.333333333333334
10,34,20.333333333333332
0,0,0
18,20,19.0
0,0,0
9,26,19.5
1,25,9.25
2,44,21.333333333333332
8,29,17.0
18,18,18.0
7,23,15.0
9,9,9.0
9,15,12.0
13,19,15.333333333333334
7,21,15.666666666666666
5,53,23.333333333333332
7,21,14.333333333333334
0,0,0
7,30,21.333333333333332
38,38,38.0
4,27,13.0
6,38,22.6
12,35,21.666666666666668
20,20,20.0
16,28,21.25
6,33,19.0
20,20,20.0
23,35,29.0
16,31,23.666666666666668
3,32,17.5
19,34,25.333333333333332
7,31,22.8
0,0,0
10,30,17.2
0,0,0
10,40,19.833333333333332
23,23,23.0
18,35,26.0
21,32,27.666666666666668
3,32,18.666666666666668
15,49,32.0
12,39,24.0
7,9,8.0
8,38,24.333333333333332
18,26,22.0
3,3,3.0
10,21,15.0
6,39,22.5
26,33,30.333333333333332
9,35,26.0
30,35,32.5
14,49,28.6
15,34,23.0
5,20,11.333333333333334
12,19,16.5
16,38,26.333333333333332
23,24,23.75
9,35,18.666666666666668
11,36,23.5
7,22,14.5
1,1,1.0
11,40,26.857142857142858
17,45,35.5
10,30,22.0
27,28,27.5
4,57,22.333333333333332
6,37,19.333333333333332
12,24,17.666666666666668
29,46,37.5
4,42,24.0
5,28,15.666666666666666
16,18,17.0
6,56,23.166666666666668
10,30,20.0
0,0,0
3,39,22.5
1,28,14.5
13,13,13.0
8,25,16.666666666666668
2,18,11.25
10,10,10.0
11,36,21.142857142857142
12,14,13.0
14,38,26.0
12,26,19.0
19,29,23.75
22,22,22.0
2,29,18.5
17,18,17.5
5,50,22.6
7,12,9.5
5,35,23.25
46,46,46.0
23,23,23.0
9,30,19.5
13,31,22.0
12,15,13.5
14,21,17.5
25,49,37.0
17,36,26.0
3,20,10.25
12,29,19.8
9,18,12.333333333333334
12,49,30.5
19,19,19.0
14,35,22.4
32,32,32.0
3,17,9.0
16,16,16.0
12,34,23.0
17,55,36.0
10,43,31.0
5,5,5.0
22,54,38.0
12,12,12.0
10,43,22.0
4,33,21.4
20,45,35.0
6,47,26.5
3,40,21.5
3,58,23.4
17,49,31.0
12,44,24.0
39,39,39.0
16,29,20.666666666666668
24,24,24.0
10,37,23.5
0,0,0
15,19,17.0
2,35,18.333333333333332
11,39,20.666666666666668
16,17,16.5
1,46,17.2
3,36,20.0
2,38,16.2
9,40,29.0
16,51,29.4
11,29,20.5
2,28,13.333333333333334
5,51,22.25
13,38,25.0
23,25,24.0
11,39,24.2
4,49,20.666666666666668
6,6,6.0
5,28,15.25
19,19,19.0
27,30,28.5
7,53,23.0
17,32,24.5
28,33,30.5
4,49,22.0
12,53,27.0
7,18,11.0
24,53,34.0
37,46,41.5
3,36,16.25
5,31,18.666666666666668
8,30,19.0
6,54,23.6
6,67,36.5
8,8,8.0
13,30,20.0
0,0,0
8,52,26.0
8,28,14.6
0,15,9.666666666666666
11,16,12.666666666666666
7,10,8.5
34,50,42.0
1,72,28.142857142857142
32,32,32.0
14,20,17.0
10,31,21.0
8,40,24.333333333333332
6,28,16.666666666666668
10,16,13.0
10,10,10.0
14,38,23.666666666666668
16,18,17.0
1,59,30.0
2,39,19.0
4,4,4.0
4,24,13.0
7,21,12.333333333333334
55,55,55.0
4,56,24.0
34,34,34.0
4,40,23.333333333333332
18,18,18.0
0,9,4.5
19,30,23.333333333333332
10,10,10.0
11,11,11.0
0,66,24.0
15,16,15.5
14,46,24.2
17,38,25.666666666666668
6,36,17.0
9,14,11.5
9,19,14.0
19,46,28.8
38,43,40.5
4,38,21.0
19,19,19.0
14,42,29.5
0,54,34.333333333333336
22,28,25.0
5,40,20.285714285714285
21,33,27.0
7,27,16.666666666666668
8,32,19.666666666666668
8,44,21.25
12,48,31.0
6,52,21.5
4,27,15.75
29,55,42.0
11,41,27.666666666666668
23,31,26.333333333333332
3,22,9.75
6,26,17.0
27,49,36.666666666666664
8,48,25.0
0,38,11.666666666666666
41,41,41.0
4,35,19.5
19,19,19.0
11,29,17.666666666666668
27,35,31.0
13,16,14.666666666666666
10,30,16.5
26,37,31.5
0,31,15.166666666666666
17,56,36.5
26,36,31.5
16,16,16.0
7,36,17.25
11,19,15.0
35,42,38.5
29,29,29.0
20,27,23.333333333333332
11,23,17.0
35,41,38.0
3,21,13.5
16,29,22.5
18,48,35.0
8,31,20.2
25,72,55.0
7,44,19.666666666666668
39,39,39.0
16,30,22.5
22,54,33.0
36,36,36.0
9,36,22.666666666666668
7,44,30.0
32,32,32.0
11,33,22.0
5,49,26.4
13,58,36.75
0,0,0
3,49,29.0
7,42,18.8
20,45,29.0
7,34,21.666666666666668
16,31,21.25
25,28,26.5
16,26,21.0
6,53,25.666666666666668
12,37,23.666666666666668
9,42,20.4
1,31,18.2
18,18,18.0
10,25,16.0
7,26,17.0
18,68,39.666666666666664
16,44,30.666666666666668
2,39,17.0
7,52,31.0
13,47,34.0
18,18,18.0
12,23,17.5
11,32,20.5
5,55,24.333333333333332
19,49,31.4
20,20,20.0
26,39,32.5
4,30,15.333333333333334
1,42,15.333333333333334
11,35,25.666666666666668
31,43,38.666666666666664
12,50,31.0
18,59,38.5
27,56,37.0
9,22,16.2
4,43,20.5
10,36,23.0
7,39,24.5
4,28,10.5
8,42,21.333333333333332
1,1,1.0
15,51,32.0
4,22,13.0
4,32,19.75
1,41,23.666666666666668
15,35,28.333333333333332
11,38,26.75
35,35,35.0
46,46,46.0
13,28,20.333333333333332
30,46,35.666666666666664
3,49,20.8
10,38,23.0
17,21,19.0
9,47,23.428571428571427
29,29,29.0
11,61,33.57142857142857
8,23,15.0
16,47,29.0
12,12,12.0
12,50,28.0
15,50,30.75
20,47,31.5
12,41,30.666666666666668
20,23,21.5
6,39,24.333333333333332
6,14,10.0
55,55,55.0
0,32,17.333333333333332
5,61,26.5
1,10,5.5
23,23,23.0
14,38,26.0
8,47,23.333333333333332
16,18,17.0
1,27,14.833333333333334
17,33,25.0
7,63,31.666666666666668
16,16,16.0
12,26,21.0
0,0,0
15,40,27.5
21,21,21.0
0,0,0
12,62,29.6
8,19,13.5
2,41,21.5
4,36,18.25
12,12,12.0
6,18,12.6
0,60,21.166666666666668
12,13,12.5
0,22,11.333333333333334
6,37,18.833333333333332
10,10,10.0
15,47,26.5
9,20,16.0
56,56,56.0
12,38,23.5
0,68,23.666666666666668
3,7,5.0
14,38,25.333333333333332
13,30,21.5
13,29,19.333333333333332
14,43,30.5
0,0,0
4,18,13.0
17,19,18.0
17,17,17.0
1,69,35.8
4,4,4.0
6,24,14.0
16,27,22.666666666666668
4,4,4.0
19,31,24.0
6,7,6.5
26,34,30.0
0,0,0
9,36,19.333333333333332
2,25,12.666666666666666
12,29,20.5
17,18,17.5
8,35,20.2
1,14,6.25
35,35,35.0
21,52,36.5
10,14,12.0
0,18,9.0
4,36,26.75
14,16,15.333333333333334
0,48,24.0
29,29,29.0
28,38,33.0
7,24,15.25
20,34,27.0
31,31,31.0
19,40,28.6
10,47,23.2
6,10,8.0
15,30,22.5
12,54,27.75
2,46,25.0
17,48,28.0
4,45,22.2
20,20,20.0
15,23,20.0
22,44,32.333333333333336
8,21,12.666666666666666
13,41,24.0
11,33,21.75
16,19,17.5
13,34,22.0
14,26,20.0
20,25,22.5
9,51,30.0
8,28,17.5
8,28,18.0
10,48,26.0
14,34,22.0
5,5,5.0
18,41,25.2
4,34,20.75
27,29,28.0
17,26,22.0
0,0,0
26,39,32.5
8,38,23.0
0,32,18.0
9,9,9.0
11,47,31.142857142857142
0,18,9.2
13,50,31.5
7,19,13.0
13,32,21.0
10,44,21.6
7,29,18.0
8,9,8.5
28,30,29.0
2,35,14.333333333333334
8,42,22.666666666666668
21,66,43.5
4,31,17.833333333333332
5,40,26.75
5,46,25.833333333333332
5,22,13.5
18,67,31.5
8,42,26.0
12,36,25.333333333333332
3,24,13.75
2,43,23.285714285714285
32,41,36.5
22,42,34.5
7,23,14.666666666666666
32,32,32.0
20,49,34.5
2,2,2.0
10,54,33.8
3,36,19.666666666666668
6,49,31.6
6,26,17.666666666666668
2,25,13.666666666666666
0,0,0
4,42,18.0
8,22,15.0
25,32,28.5
0,0,0
18,41,26.8
0,0,0
3,29,12.0
0,14,7.0
8,29,16.5
22,49,39.666666666666664
25,25,25.0
5,5,5.0
5,11,7.333333333333333
4,49,25.5
0,31,15.75
4,48,25.0
14,26,18.666666666666668
2,35,18.5
8,44,20.0
24,24,24.0
32,54,41.0
2,24,11.6
3,7,5.0
10,32,22.0
5,25,14.333333333333334
12,23,17.0
6,27,17.333333333333332
11,33,22.0
0,0,0
4,34,19.0
0,23,14.0
45,45,45.0
9,34,15.75
43,43,43.0
8,38,20.6
62,62,62.0
12,35,24.333333333333332
4,48,20.666666666666668
19,19,19.0
5,5,5.0
25,25,25.0
12,23,17.333333333333332
22,32,27.333333333333332
3,44,19.25
14,40,30.666666666666668
1,49,20.0
20,61,38.0
22,24,23.0
29,50,43.25
10,21,15.25
15,47,31.666666666666668
0,0,0
2,18,9.75
10,17,13.5
15,33,26.0
14,61,29.5
14,14,14.0
20,20,20.0
2,29,18.666666666666668
9,42,25.0
3,30,13.4
3,3,3.0
8,30,19.666666666666668
10,39,24.5
5,31,20.0
0,0,0
21,25,23.333333333333332
17,48,32.5
0,43,21.5
13,63,38.0
11,27,19.0
26,42,34.0
15,15,15.0
0,11,6.25
6,58,20.571428571428573
11,15,13.333333333333334
0,31,16.0
5,77,32.0
6,36,21.333333333333332
3,3,3.0
5,19,10.0
15,15,15.0
14,25,19.5
14,21,17.5
11,42,22.75
1,20,9.666666666666666
11,26,18.5
10,16,13.0
11,22,16.5
11,17,14.333333333333334
0,36,20.666666666666668
4,17,11.666666666666666
11,11,11.0
0,0,0
1,27,12.0
0,0,0
7,20,11.5
4,19,11.5
23,51,37.0
15,16,15.5
5,30,18.0
8,14,11.0
7,29,18.5
13,13,13.0
19,39,29.0
0,0,0.0
4,14,9.25
10,18,15.0
34,36,35.0
15,66,35.0
0,0,0
13,66,27.0
10,14,12.0
0,24,13.666666666666666
4,34,16.5
7,28,15.666666666666666
11,15,13.0
8,35,18.25
5,20,12.5
4,25,14.333333333333334
0,0,0
32,32,32.0
21,21,21.0
14,42,28.0
2,23,12.333333333333334
7,11,8.666666666666666
13,45,28.25
12,27,17.333333333333332
9,27,16.333333333333332
9,17,13.0
3,19,9.666666666666666
1,1,1.0
6,22,12.0
1,11,5.0
12,21,16.0
5,5,5.0
4,22,14.0
5,30,15.0
25,33,29.0
9,17,13.0
12,22,17.0
6,36,19.8
27,27,27.0
6,21,12.2
7,12,9.5
9,9,9.0
13,20,16.5
0,27,13.666666666666666
6,22,14.0
10,17,13.333333333333334
9,33,23.666666666666668
3,38,23.333333333333332
1,1,1.0
18,31,23.666666666666668
9,16,13.0
13,28,20.333333333333332
30,44,37.0
21,26,23.5
7,11,9.0
4,36,19.75
11,25,19.75
2,24,8.75
11,27,19.0
9,24,17.571428571428573
9,39,25.0
0,0,0
4,28,15.571428571428571
0,35,16.5
12,43,23.0
4,21,14.666666666666666
12,43,29.0
28,34,31.0
9,23,15.8
2,22,13.5
11,34,24.5
13,28,19.0
3,36,17.5
19,48,33.5
8,28,17.833333333333332
19,19,19.0
19,23,21.0
20,20,20.0
40,40,40.0
4,29,16.5
3,34,19.857142857142858
9,17,14.75
26,26,26.0
20,30,25.0
16,46,28.333333333333332
0,0,0.0
0,0,0
13,30,21.5
10,26,17.75
8,35,19.666666666666668
29,29,29.0
1,46,21.25
21,21,21.0
0,37,18.0
41,41,41.0
6,31,19.2
16,34,25.0
22,22,22.0
6,25,13.833333333333334
14,26,20.0
17,30,23.5
6,32,20.4
0,0,0
9,33,21.5
22,24,23.333333333333332
7,25,14.6
18,18,18.0
15,29,22.25
5,26,17.75
8,27,16.0
0,7,4.666666666666667
10,38,24.0
9,36,19.666666666666668
6,59,23.666666666666668
2,22,11.25
55,55,55.0
15,32,23.5
7,13,10.0
9,9,9.0
3,47,20.8
9,9,9.0
9,40,26.0
0,27,14.2
18,18,18.0
0,0,0
13,13,13.0
9,34,21.5
30,30,30.0
19,49,27.5
13,17,15.0
13,31,23.0
1,35,18.333333333333332
19,31,24.333333333333332
12,50,27.5
16,16,16.0
10,65,27.0
3,7,5.0
2,33,17.6
2,22,12.0
35,35,35.0
13,28,22.75
33,33,33.0
6,28,19.75
32,35,33.5
25,25,25.0
15,30,22.0
17,29,23.0
5,33,15.833333333333334
1,45,26.5
0,0,0
10,40,25.75
68,68,68.0
15,32,24.8
21,21,21.0
6,43,22.428571428571427
10,29,22.0
16,66,35.5
17,27,22.0
10,39,24.0
8,28,18.25
20,20,20.0
67,67,67.0
15,31,25.0
11,24,17.5
8,24,13.25
9,39,26.0
17,65,39.0
4,45,24.5
6,20,13.0
43,56,49.5
0,0,0
22,27,24.5
18,30,24.0
17,31,22.666666666666668
4,21,14.0
12,43,27.0
12,12,12.0
3,45,25.875
27,27,27.0
3,37,21.0
8,18,13.0
17,48,28.0
20,38,32.0
8,19,12.0
0,31,14.75
14,32,23.0
19,28,23.5
0,0,0
6,44,20.333333333333332
0,0,0
5,40,22.428571428571427
18,26,22.0
10,26,18.0
18,31,23.0
8,22,15.0
7,16,11.5
18,45,29.6
0,0,0
14,20,16.4
21,35,28.0
7,41,23.333333333333332
7,50,34.666666666666664
6,29,14.666666666666666
7,43,22.0
19,22,20.5
4,47,30.25
15,15,15.0
23,40,30.2
8,30,22.0
6,34,15.833333333333334
1,11,5.666666666666667
10,15,12.75
31,31,31.0
1,28,16.2
27,27,27.0
1,28,16.0
3,22,9.666666666666666
17,45,30.333333333333332
12,31,23.0
10,14,11.5
7,33,17.6
16,25,19.333333333333332
1,25,10.333333333333334
15,21,18.0
9,24,16.5
21,21,21.0
16,33,24.5
1,12,6.5
43,43,43.0
6,8,7.0
0,43,16.0
10,16,13.0
12,33,23.25
7,31,18.25
14,37,26.666666666666668
13,37,25.0
16,52,38.333333333333336
6,26,16.0
17,37,27.0
30,32,31.0
16,28,22.0
1,30,13.25
0,0,0
8,27,16.2
13,15,14.0
11,23,17.0
33,33,33.0
30,32,31.0
5,24,13.666666666666666
1,23,12.0
4,36,18.666666666666668
36,36,36.0
1,28,14.5
5,14,9.5
19,29,22.333333333333332
12,29,21.142857142857142
3,16,11.333333333333334
9,18,12.666666666666666
8,24,18.666666666666668
14,26,21.0
8,18,12.25
3,35,18.25
14,14,14.0
6,39,20.0
4,21,12.5
0,0,0
9,36,18.333333333333332
7,28,16.666666666666668
16,44,30.0
2,36,27.2
17,18,17.5
19,37,27.5
15,36,25.5
12,12,12.0
9,33,22.5
13,15,14.0
8,15,11.666666666666666
23,23,23.0
35,35,35.0
6,29,21.0
19,46,31.0
0,0,0
13,13,13.0
7,27,16.333333333333332
16,21,18.5
17,75,38.333333333333336
19,28,23.5
40,40,40.0
7,28,17.2
4,46,21.0
35,35,35.0
10,71,24.833333333333332
6,46,23.0
5,9,7.0
11,36,24.0
14,23,19.25
7,48,20.8
10,23,18.0
3,20,12.666666666666666
11,34,22.5
14,26,18.333333333333332
17,30,23.5
33,33,33.0
4,4,4.0
15,25,20.0
23,35,29.0
9,47,25.0
24,35,29.5
1,6,3.5
6,39,23.25
4,31,21.666666666666668
12,59,30.75
6,36,19.833333333333332
16,34,25.0
5,31,15.6
11,42,27.0
6,17,11.5
10,35,25.6
14,44,25.333333333333332
0,0,0
6,40,23.0
12,12,12.0
21,32,26.5
9,32,22.0
7,53,28.6
8,14,11.25
19,28,24.75
5,66,34.75
10,20,15.75
3,41,30.6
14,36,28.666666666666668
9,45,27.5
0,4,2.0
9,25,17.4
4,20,14.333333333333334
11,54,31.333333333333332
24,42,33.0
15,54,33.75
5,36,19.4
18,32,24.0
11,35,23.0
23,35,30.333333333333332
7,39,18.0
23,23,23.0
5,34,12.333333333333334
15,35,25.0
6,38,24.0
28,28,28.0
4,44,19.571428571428573
18,24,21.0
17,43,28.75
26,30,28.0
35,35,35.0
13,41,29.25
14,20,17.0
15,49,32.0
9,36,20.666666666666668
23,54,38.5
9,28,18.0
0,0,0
21,21,21.0
13,25,17.666666666666668
9,31,19.75
17,39,28.0
4,38,13.0
1,1,1.0
9,43,22.5
0,42,27.0
32,73,45.25
4,32,17.0
15,24,19.333333333333332
8,12,10.0
16,16,16.0
14,36,25.0
14,35,22.4
7,21,11.666666666666666
10,30,21.0
22,37,29.5
2,30,17.0
10,37,17.6
9,28,13.8
0,0,0
9,40,18.25
32,32,32.0
4,30,14.5
6,41,25.5
3,63,26.333333333333332
9,44,26.5
25,25,25.0
6,39,23.25
14,25,20.333333333333332
14,17,15.5
20,20,20.0
21,33,28.666666666666668
8,58,22.6
9,18,13.5
3,38,21.4
26,26,26.0
31,31,31.0
1,45,12.2
23,24,23.5
5,17,11.0
15,16,15.5
8,21,15.0
0,0,0
5,29,16.5
30,30,30.0
12,23,17.8
11,17,14.0
15,47,26.8
0,25,12.25
8,27,16.6
34,55,44.5
18,31,24.5
0,0,0.0
4,26,17.5
34,38,36.0
23,31,27.0
3,41,20.0
16,37,25.75
25,44,33.25
8,31,19.75
3,15,10.333333333333334
0,0,0
16,35,25.5
7,23,14.5
31,31,31.0
2,28,10.4
0,0,0
9,28,20.75
5,20,13.0
6,29,16.666666666666668
10,35,24.333333333333332
10,17,13.5
11,24,18.5
11,27,19.0
3,25,14.0
7,35,24.0
40,40,40.0
6,34,20.0
8,30,19.0
5,32,14.75
4,35,16.666666666666668
3,27,9.8
9,9,9.0
14,30,21.666666666666668
3,12,7.333333333333333
17,51,34.0
9,42,25.5
13,24,18.5
21,39,28.0
13,47,29.6
5,25,16.666666666666668
7,41,21.2
20,20,20.0
3,21,11.0
20,20,20.0
10,25,16.8
14,16,15.0
3,21,13.333333333333334
11,11,11.0
8,13,10.5
5,5,5.0
1,7,4.0
11,20,15.5
6,39,17.0
5,17,13.25
25,41,33.0
27,46,36.5
1,24,9.75
6,11,8.5
0,0,0
7,19,11.333333333333334
3,15,9.25
2,12,8.666666666666666
7,21,13.75
22,22,22.0
7,36,20.25
11,32,18.666666666666668
5,25,15.0
23,32,27.5
10,28,19.666666666666668
10,12,11.0
0,0,0
13,13,13.0
9,34,23.0
8,15,11.0
4,35,14.8
16,16,16.0
1,58,18.75
25,25,25.0
8,8,8.0
0,0,0
3,8,5.5
0,0,0
0,37,16.25
3,15,9.0
0,22,11.0
7,14,11.0
5,23,15.333333333333334
4,4,4.0
10,37,18.833333333333332
6,10,8.0
7,23,15.0
6,17,11.6
21,21,21.0
5,16,9.666666666666666
9,9,9.0
0,18,6.666666666666667
0,37,12.714285714285714
5,11,8.0
6,43,23.0
11,11,11.0
29,29,29.0
12,46,28.333333333333332
0,0,0
3,12,7.5
4,37,18.166666666666668
13,37,23.0
15,25,20.0
5,25,11.666666666666666
9,45,18.75
13,41,26.333333333333332
8,27,16.333333333333332
15,26,20.5
6,50,19.5
0,19,9.833333333333334
3,22,10.25
13,25,17.5
10,14,12.0
0,0,0
16,20,18.0
0,31,15.666666666666666
10,20,14.333333333333334
11,23,16.2
0,0,0
4,15,11.0
5,5,5.0
7,24,13.0
7,8,7.5
5,24,14.0
6,15,10.0
0,8,4.666666666666667
7,27,17.0
8,18,14.8
5,5,5.0
7,7,7.0
26,26,26.0
12,12,12.0
1,43,18.0
8,14,11.0
8,24,14.5
0,0,0
0,14,9.0
8,13,11.0
10,13,11.5
7,22,12.666666666666666
14,42,28.0
4,19,11.5
26,26,26.0
4,20,10.0
8,32,20.0
8,19,13.5
11,19,15.4
0,0,0
7,14,10.5
0,0,0
9,22,14.666666666666666
0,26,19.0
6,22,14.666666666666666
9,29,20.333333333333332
21,26,23.5
2,22,15.4
14,14,14.0
34,34,34.0
8,20,16.25
0,0,0
5,25,19.2
8,18,13.0
9,11,10.0
7,22,14.5
9,41,20.75
41,41,41.0
10,17,13.5
0,0,0
27,27,27.0
20,24,22.0
0,0,0
12,30,23.0
8,15,12.0
3,38,20.5
18,29,23.666666666666668
17,34,25.25
2,2,2.0
5,42,20.25
14,24,19.0
1,11,7.333333333333333
12,27,17.5
24,24,24.0
6,34,21.666666666666668
0,25,12.666666666666666
5,15,10.5
0,18,10.6
27,38,32.5
2,24,11.333333333333334
9,9,9.0
8,27,14.4
6,46,26.0
2,2,2.0
5,27,12.333333333333334
0,20,9.0
32,32,32.0
2,3,2.5
5,36,20.5
11,19,15.0
8,25,16.5
5,24,16.333333333333332
13,15,14.0
3,16,8.666666666666666
7,32,18.666666666666668
0,0,0
11,40,25.5
15,15,15.0
4,18,11.75
34,38,36.0
16,43,29.333333333333332
12,17,13.5
4,30,13.0
0,30,13.8
0,0,0
4,28,15.333333333333334
0,0,0
9,28,18.0
5,37,20.0
9,19,12.333333333333334
23,37,30.0
3,50,24.333333333333332
4,34,15.0
12,25,16.333333333333332
11,24,17.75
15,15,15.0
17,17,17.0
7,49,25.666666666666668
15,15,15.0
10,36,19.666666666666668
5,31,17.333333333333332
4,48,26.4
22,22,22.0
0,0,0
4,16,10.0
40,40,40.0
5,22,13.8
11,41,23.333333333333332
11,41,24.0
9,37,20.6
5,21,13.0
27,46,38.25
15,48,31.5
8,14,10.666666666666666
4,38,14.5
26,47,33.333333333333336
17,40,25.25
2,29,18.4
7,23,13.333333333333334
13,47,27.5
20,21,20.5
38,38,38.0
5,42,16.0
4,19,13.333333333333334
12,34,19.5
0,0,0
17,48,31.333333333333332
15,42,30.0
18,52,31.333333333333332
13,44,27.0
7,52,27.666666666666668
18,25,21.666666666666668
1,23,11.333333333333334
13,13,13.0
17,17,17.0
34,34,34.0
4,57,23.25
23,23,23.0
0,2,1.0
12,32,22.0
6,21,13.5
12,19,15.75
7,12,10.0
27,27,27.0
25,36,30.0
11,31,18.0
5,6,5.5
6,25,19.25
4,26,17.75
7,27,18.0
20,20,20.0
2,23,11.8
23,23,23.0
4,32,21.333333333333332
4,24,14.0
10,41,21.0
8,34,24.666666666666668
18,66,42.0
35,40,37.5
24,28,26.0
4,41,26.0
22,33,27.0
28,39,33.5
5,28,15.4
6,30,18.666666666666668
31,58,43.0
27,27,27.0
5,41,19.8
8,30,19.333333333333332
8,32,19.333333333333332
8,61,29.625
9,45,26.5
9,64,36.0
2,19,10.0
27,50,39.333333333333336
37,37,37.0
20,70,38.75
19,39,29.0
44,61,52.5
6,24,15.0
30,59,39.0
30,51,38.333333333333336
11,26,18.333333333333332
4,12,8.0
13,28,21.5
6,47,33.5
24,32,27.0
2,47,19.333333333333332
11,45,28.0
9,9,9.0
25,29,27.0
4,34,17.2
1,19,9.333333333333334
3,31,16.4
13,15,14.0
19,32,23.333333333333332
0,25,13.333333333333334
5,25,14.0
14,37,23.666666666666668
14,17,15.5
4,18,11.0
6,55,30.5
14,21,17.5
7,31,16.333333333333332
9,53,31.0
14,31,24.666666666666668
4,29,17.8
1,28,14.25
58,58,58.0
1,1,1.0
14,23,18.5
2,6,4.0
15,49,27.6
11,28,16.666666666666668
14,36,23.0
10,72,32.333333333333336
3,49,26.0
37,37,37.0
6,17,11.666666666666666
5,15,9.666666666666666
49,49,49.0
0,37,14.666666666666666
2,15,8.5
12,39,28.5
36,37,36.5
11,30,21.333333333333332
3,24,16.333333333333332
3,52,28.5
18,38,28.0
22,49,30.25
5,25,15.666666666666666
2,15,9.333333333333334
1,36,14.8
4,29,17.75
32,32,32.0
39,45,42.0
3,14,8.5
19,26,22.5
13,35,21.4
13,13,13.0
23,50,35.8
14,15,14.75
16,16,16.0
6,6,6.0
2,16,9.0
4,17,8.6
1,37,17.5
7,7,7.0
0,40,24.5
9,32,19.0
3,17,9.0
0,0,0
7,24,15.0
14,17,15.5
16,22,18.333333333333332
26,26,26.0
23,23,23.0
3,19,11.4
0,0,0
15,22,17.333333333333332
9,41,25.333333333333332
1,30,18.75
4,22,11.0
25,42,33.5
8,22,16.666666666666668
17,17,17.0
26,49,37.5
11,11,11.0
11,54,27.0
12,24,19.333333333333332
17,37,27.0
5,20,9.75
30,48,39.0
12,67,27.4
8,41,24.333333333333332
16,24,19.666666666666668
18,66,36.0
19,76,34.2
29,29,29.0
16,18,17.0
3,61,24.75
1,36,16.0
0,0,0
14,58,31.25
33,33,33.0
4,30,16.5
14,28,21.0
6,32,20.8
11,17,14.0
0,0,0
4,41,19.5
31,31,31.0
1,33,12.8
14,31,22.5
4,28,16.5
9,19,14.0
20,43,31.5
10,33,20.333333333333332
23,33,28.0
4,23,14.0
7,15,11.0
6,10,8.0
13,26,19.0
12,21,15.333333333333334
6,23,15.375
22,58,34.666666666666664
6,29,14.25
17,31,23.0
25,25,25.0
11,31,23.333333333333332
18,33,24.333333333333332
5,30,15.2
0,30,15.5
29,31,30.0
16,28,21.25
9,42,22.0
3,11,7.4
15,31,21.0
20,20,20.0
10,25,16.666666666666668
17,64,30.5
5,14,9.5
9,35,19.333333333333332
13,29,20.75
14,23,17.333333333333332
6,31,18.333333333333332
1,18,9.333333333333334
2,29,19.333333333333332
25,25,25.0
9,31,19.0
3,3,3.0
9,32,21.4
10,18,14.666666666666666
12,17,14.5
34,34,34.0
6,11,9.0
6,6,6.0
9,24,16.5
7,25,19.0
24,24,24.0
18,31,25.0
1,19,9.2
7,12,9.5
1,23,15.4
20,20,20.0
3,40,22.666666666666668
0,0,0
4,27,13.5
3,16,10.0
6,38,15.75
42,42,42.0
5,30,15.6
1,2,1.5
1,35,12.75
4,30,16.4
11,43,25.5
2,28,17.8
6,19,13.333333333333334
26,26,26.0
11,34,24.75
9,46,27.5
2,2,2.0
7,18,12.5
5,14,9.5
8,36,16.5
10,10,10.0
24,26,25.0
11,18,13.25
14,36,26.0
7,15,11.0
26,60,48.333333333333336
10,33,19.666666666666668
7,22,15.25
7,23,14.2
19,32,25.5
0,31,15.5
0,39,18.5
1,13,6.0
11,26,19.666666666666668
14,23,18.0
3,31,18.0
12,20,16.0
4,4,4.0
26,26,26.0
14,24,19.0
3,16,9.5
41,41,41.0
13,22,17.5
15,65,33.75
11,43,27.0
7,23,12.75
10,11,10.5
8,37,22.5
5,36,15.8
0,0,0
20,35,27.5
11,18,14.5
14,47,31.0
21,39,30.5
11,45,24.333333333333332
1,34,17.0
8,8,8.0
17,37,26.0
8,20,14.0
4,49,20.0
14,19,16.5
35,35,35.0
8,25,16.5
11,30,20.333333333333332
0,26,13.0
3,18,11.666666666666666
12,24,19.666666666666668
7,29,16.0
8,23,14.25
13,17,15.0
3,22,12.5
5,5,5.0
3,27,18.166666666666668
16,53,34.5
3,18,10.333333333333334
2,43,22.5
13,15,14.0
11,26,15.5
9,9,9.0
3,24,13.5
7,10,8.0
3,38,19.333333333333332
5,24,14.0
3,26,14.5
6,21,13.5
18,18,18.0
0,0,0
11,24,17.0
1,23,12.0
3,30,14.0
6,19,14.75
0,0,0
2,3,2.5
14,20,17.0
5,47,24.666666666666668
10,31,17.666666666666668
8,35,20.333333333333332
26,26,26.0
0,0,0.0
21,21,21.0
14,33,23.5
10,10,10.0
10,25,15.5
4,14,10.666666666666666
5,29,16.75
6,37,18.0
3,44,29.4
0,53,24.0
8,26,17.0
9,19,14.0
8,26,15.75
5,28,17.25
12,12,12.0
0,38,17.166666666666668
8,27,17.5
14,48,24.5
24,41,30.666666666666668
15,31,20.833333333333332
4,6,5.0
1,33,12.333333333333334
15,28,22.0
4,32,21.25
14,20,17.0
3,26,14.333333333333334
2,37,20.75
9,23,16.0
35,35,35.0
6,30,17.75
13,41,29.333333333333332
14,35,20.0
23,23,23.0
12,56,33.75
13,13,13.0
14,55,33.75
21,21,21.0
7,27,15.0
4,40,21.75
1,32,16.857142857142858
0,17,8.8
17,37,29.0
8,53,30.333333333333332
0,24,14.0
35,35,35.0
0,0,0
4,5,4.5
12,17,14.5
8,8,8.0
30,30,30.0
2,27,11.8
4,26,15.0
5,26,19.25
0,6,3.0
7,59,26.6
13,17,15.0
8,20,14.333333333333334
10,10,10.0
27,27,27.0
3,27,15.0
7,20,14.0
4,28,13.6
18,18,18.0
5,14,9.666666666666666
5,25,13.4
15,23,17.8
5,17,11.0
9,15,12.333333333333334
1,14,6.333333333333333
0,0,0
9,37,19.6
8,43,23.75
4,24,16.0
32,32,32.0
9,40,18.0
26,58,42.0
17,39,26.25
12,49,27.0
11,50,32.333333333333336
8,17,12.333333333333334
4,37,20.0
12,27,19.0
9,24,17.666666666666668
14,21,17.5
10,28,22.25
6,27,19.2
2,32,15.8
9,15,12.0
14,14,14.0
12,32,18.666666666666668
24,24,24.0
17,42,29.25
2,20,9.0
4,11,7.5
9,81,45.0
4,15,9.0
36,36,36.0
2,34,17.5
0,0,0
1,38,20.75
1,1,1.0
1,25,14.0
0,31,14.5
14,29,21.666666666666668
11,11,11.0
9,48,23.0
2,4,2.6666666666666665
1,43,21.333333333333332
1,9,6.0
3,21,12.0
7,16,10.333333333333334
11,43,24.333333333333332
2,12,7.0
7,24,15.5
2,22,11.0
7,50,24.666666666666668
4,19,12.333333333333334
10,20,16.25
11,13,12.0
0,0,0
7,9,8.0
19,19,19.0
0,0,0
17,17,17.0
22,33,28.333333333333332
21,22,21.5
6,7,6.5
5,33,18.6
11,21,15.666666666666666
2,26,11.428571428571429
5,6,5.5
9,9,9.0
7,43,25.0
0,0,0
4,30,17.0
0,0,0
5,8,6.5
5,16,9.8
12,39,25.5
3,18,12.0
9,37,23.0
6,35,19.0
14,14,14.0
3,7,5.0
7,30,18.5
16,16,16.0
12,14,13.0
29,29,29.0
4,30,12.75
7,7,7.0
17,26,20.333333333333332
5,6,5.5
7,14,10.5
14,14,14.0
5,15,10.0
16,37,24.333333333333332
5,17,11.0
0,0,0
5,20,11.4
5,24,14.0
3,19,10.666666666666666
6,7,6.5
5,30,19.333333333333332
13,15,14.0
2,4,3.0
6,6,6.0
8,12,10.0
14,14,14.0
10,34,21.0
9,30,16.75
12,28,19.0
1,26,16.666666666666668
8,61,26.5
1,18,9.5
5,11,8.0
8,32,20.0
7,25,14.25
15,35,23.666666666666668
6,46,23.4
4,12,8.333333333333334
11,14,12.5
24,24,24.0
8,28,20.6
15,15,15.0
5,7,6.0
10,27,15.666666666666666
6,39,19.0
7,7,7.0
5,18,11.333333333333334
1,35,14.5
16,16,16.0
3,15,9.0
17,17,17.0
4,19,10.666666666666666
14,33,22.333333333333332
0,15,7.25
4,19,11.5
3,32,15.166666666666666
7,24,15.25
7,10,8.333333333333334
10,23,16.5
6,47,20.25
9,19,13.666666666666666
1,30,12.75
0,20,10.5
1,15,7.0
3,6,4.5
0,18,8.6
4,10,7.0
20,35,27.5
1,19,10.5
15,15,15.0
2,33,15.666666666666666
0,0,0
0,0,0
27,27,27.0
2,13,8.333333333333334
4,26,15.0
10,17,13.0
10,46,28.0
6,20,13.0
13,27,17.666666666666668
5,37,17.25
0,0,0
4,19,9.333333333333334
16,24,20.0
13,31,20.666666666666668
0,9,4.5
15,30,22.333333333333332
5,23,12.0
5,21,10.25
0,0,0
1,18,11.333333333333334
0,8,4.0
3,23,11.75
4,4,4.0
4,8,6.0
1,41,21.666666666666668
18,23,20.5
0,20,10.0
5,12,9.333333333333334
0,15,9.333333333333334
4,19,13.75
25,25,25.0
1,14,9.333333333333334
7,20,13.5
4,32,16.5
0,0,0
5,15,8.666666666666666
5,15,8.666666666666666
14,14,14.0
4,24,14.0
2,19,9.333333333333334
9,11,10.0
1,1,1.0
0,0,0
4,41,18.333333333333332
1,36,18.5
3,12,6.666666666666667
14,25,19.333333333333332
9,19,14.0
1,11,6.0
2,15,8.2
11,16,13.5
5,16,7.75
13,22,17.8
11,15,13.0
5,5,5.0
6,30,15.0
4,7,5.5
25,25,25.0
9,9,9.0
10,38,18.75
21,21,21.0
7,16,10.666666666666666
15,31,23.0
4,19,12.25
4,6,5.0
10,10,10.0
7,16,11.0
5,21,13.0
10,33,24.666666666666668
0,8,3.0
18,43,30.5
4,29,17.666666666666668
29,29,29.0
12,42,22.666666666666668
0,0,0.0
14,16,15.0
1,17,8.75
16,37,26.5
0,0,0
0,0,0.0
6,14,10.0
11,40,24.0
5,5,5.0
1,16,7.0
16,16,16.0
3,47,21.4
8,8,8.0
4,31,19.0
1,1,1.0
18,43,30.0
6,30,17.0
0,43,21.5
2,28,12.333333333333334
9,26,16.5
13,35,23.0
9,38,22.0
6,14,10.6
16,33,24.5
0,56,25.5
8,18,13.0
6,30,16.75
1,24,13.75
0,0,0
6,13,9.5
19,33,26.0
2,25,17.0
6,17,11.5
9,20,14.5
5,29,15.4
1,7,4.0
0,0,0
1,19,11.75
14,14,14.0
2,12,7.0
0,0,0
2,32,21.0
0,0,0
10,47,26.333333333333332
0,0,0
7,41,26.0
11,20,15.5
48,48,48.0
9,30,20.0
8,38,23.0
20,52,36.0
6,20,13.0
16,23,19.5
13,24,19.0
33,33,33.0
7,68,37.5
2,2,2.0
5,38,23.333333333333332
1,68,18.25
38,50,44.0
10,31,23.666666666666668
3,16,9.5
1,20,10.0
16,48,32.0
21,23,21.5
0,38,20.666666666666668
14,23,18.5
5,26,14.25
18,57,32.333333333333336
1,33,19.0
7,32,16.25
28,28,28.0
2,37,22.25
1,1,1.0
31,31,31.0
5,5,5.0
0,26,12.75
2,30,20.6
28,28,28.0
0,0,0
0,42,12.4
6,43,23.0
7,33,14.5
2,48,25.0
11,33,24.333333333333332
3,31,19.0
45,45,45.0
6,21,12.25
1,23,12.0
4,55,30.333333333333332
1,13,7.0
4,36,17.8
8,8,8.0
1,13,8.333333333333334
6,59,24.666666666666668
14,32,21.5
8,11,9.5
7,24,17.285714285714285
5,32,14.5
4,17,8.5
9,58,31.0
0,24,15.333333333333334
12,17,14.75
25,29,27.0
0,43,21.5
18,18,18.0
4,31,14.666666666666666
3,14,8.5
6,17,12.0
33,43,38.0
12,12,12.0
9,10,9.5
6,20,14.75
14,15,14.5
14,15,14.5
5,44,24.5
2,2,2.0
0,0,0
10,21,15.333333333333334
43,43,43.0
10,29,18.333333333333332
17,67,34.666666666666664
3,23,12.0
0,23,11.333333333333334
35,35,35.0
19,48,30.25
10,11,10.5
3,22,12.5
0,14,6.0
15,43,27.0
9,43,26.0
5,40,22.5
9,9,9.0
18,18,18.0
2,39,15.333333333333334
9,12,10.5
6,26,13.75
31,31,31.0
4,4,4.0
0,0,0
3,36,13.666666666666666
4,19,10.333333333333334
0,0,0
2,33,18.6
0,0,0
4,23,13.5
0,0,0
5,5,5.0
16,22,19.0
9,19,14.0
27,27,27.0
7,7,7.0
5,30,18.2
18,33,23.666666666666668
12,31,21.5
3,26,14.5
17,17,17.0
12,30,19.8
8,8,8.0
9,40,24.428571428571427
1,43,21.0
42,42,42.0
0,42,15.666666666666666
2,27,12.4
1,56,22.4
24,34,29.0
19,31,25.0
0,0,0
2,23,15.0
37,43,40.666666666666664
3,19,10.0
3,29,15.0
4,39,25.75
48,48,48.0
4,27,11.4
2,13,7.5
11,29,20.0
6,17,11.5
2,20,12.75
5,5,5.0
21,21,21.0
8,40,19.428571428571427
0,0,0
0,25,12.5
16,22,19.0
14,31,22.5
11,51,23.5
8,24,14.0
32,32,32.0
8,39,22.0
15,46,30.5
14,14,14.0
14,20,17.333333333333332
8,30,18.333333333333332
45,45,45.0
42,42,42.0
2,41,23.666666666666668
15,16,15.5
14,31,24.666666666666668
14,14,14.0
12,52,32.0
0,0,0
0,0,0
6,29,19.0
1,14,7.5
15,26,22.0
23,29,26.333333333333332
26,26,26.0
1,25,13.333333333333334
22,25,23.333333333333332
18,18,18.0
17,17,17.0
14,22,17.0
3,30,11.428571428571429
12,32,17.5
10,27,19.666666666666668
49,49,49.0
2,39,17.75
43,43,43.0
9,27,20.0
4,4,4.0
9,9,9.0
5,25,15.0
12,52,32.0
28,28,28.0
7,46,25.0
9,24,16.5
16,16,16.0
4,11,7.5
4,9,7.0
8,31,19.5
2,40,21.0
5,9,7.0
9,22,14.25
0,0,0
9,22,15.0
5,15,10.0
7,19,13.0
21,43,32.0
6,6,6.0
11,11,11.0
2,2,2.0
16,27,23.333333333333332
12,12,12.0
56,56,56.0
23,29,27.0
6,37,21.5
13,15,14.0
6,28,16.5
6,21,13.333333333333334
13,27,18.333333333333332
23,29,26.0
3,3,3.0
5,40,18.5
3,25,12.0
4,21,12.666666666666666
2,34,19.666666666666668
4,12,7.666666666666667
4,22,10.333333333333334
0,41,16.0
15,28,23.666666666666668
0,26,13.8
7,38,21.333333333333332
6,21,11.666666666666666
17,37,26.666666666666668
12,12,12.0
14,27,21.0
7,19,11.5
23,27,25.0
1,16,7.333333333333333
1,21,14.0
21,41,31.4
15,22,18.5
5,20,9.0
15,15,15.0
8,22,12.0
13,29,21.0
4,25,12.75
18,39,31.333333333333332
0,0,0
3,35,17.833333333333332
18,22,20.0
7,37,21.666666666666668
9,30,22.666666666666668
13,23,18.666666666666668
0,11,5.5
21,21,21.0
13,25,18.333333333333332
13,19,16.0
9,53,25.5
5,13,7.666666666666667
0,28,14.25
2,2,2.0
23,41,32.0
12,17,14.5
18,18,18.0
5,13,9.0
55,55,55.0
15,25,19.75
32,51,42.333333333333336
7,34,19.25
1,26,13.25
7,24,15.5
5,55,26.428571428571427
27,27,27.0
31,44,37.5
9,19,15.0
2,2,2.0
5,32,18.5
12,41,26.0
54,54,54.0
10,25,17.833333333333332
10,40,25.0
11,33,17.0
46,46,46.0
9,71,26.6
5,26,13.25
9,51,30.0
3,15,9.666666666666666
7,53,29.666666666666668
11,40,24.2
1,1,1.0
0,0,0
16,16,16.0
15,26,20.5
1,7,4.0
33,47,38.666666666666664
5,5,5.0
2,3,2.5
8,11,9.5
3,49,24.25
7,17,12.0
3,21,12.0
21,26,23.0
14,14,14.0
14,14,14.0
7,7,7.0
7,7,7.0
10,10,10.0
8,30,19.666666666666668
6,11,8.666666666666666
27,27,27.0
5,11,7.5
9,9,9.0
16,33,24.666666666666668
4,17,10.5
10,42,21.666666666666668
14,38,26.0
0,0,0
5,53,23.0
12,15,13.5
13,37,23.75
10,12,11.0
6,37,18.2
36,36,36.0
5,55,21.25
0,0,0
4,22,17.0
12,32,19.25
25,25,25.0
15,31,23.0
7,17,11.666666666666666
1,30,15.5
0,0,0
7,33,19.333333333333332
11,21,16.0
30,34,32.0
6,28,20.25
4,41,20.666666666666668
28,30,29.0
2,33,17.5
5,25,14.5
0,0,0
10,55,25.0
0,0,0
0,0,0
8,34,19.0
7,7,7.0
16,17,16.5
15,54,34.5
7,25,15.666666666666666
8,81,28.285714285714285
8,29,18.5
17,34,25.5
11,44,24.666666666666668
24,41,32.5
5,44,21.2
17,34,23.666666666666668
7,29,16.75
0,32,16.0
27,27,27.0
0,33,20.285714285714285
32,38,36.0
30,47,38.5
13,29,22.666666666666668
10,37,21.8
9,37,22.5
15,26,20.75
16,49,32.5
19,19,19.0
13,49,27.75
11,23,17.0
10,17,13.666666666666666
1,28,13.285714285714286
0,0,0
11,23,15.0
7,19,13.0
14,18,16.0
20,25,22.5
22,48,35.0
7,10,8.5
14,46,30.0
0,0,0
7,24,13.666666666666666
45,45,45.0
0,0,0
22,28,25.0
0,31,12.0
0,0,0
22,27,24.5
13,43,28.0
13,13,13.0
1,24,16.75
6,22,14.0
4,42,24.5
4,37,15.5
4,28,16.5
20,25,23.0
10,10,10.0
30,32,31.0
1,6,3.5
28,33,30.5
8,23,17.25
14,55,29.5
1,4,3.0
11,22,16.5
20,22,21.0
9,17,13.0
2,29,14.25
4,4,4.0
7,30,17.5
4,4,4.0
3,34,17.4
3,3,3.0
15,38,27.666666666666668
5,31,16.714285714285715
6,6,6.0
8,24,16.0
6,20,12.666666666666666
9,41,23.333333333333332
6,67,24.0
52,52,52.0
1,36,17.5
15,30,20.333333333333332
2,13,6.333333333333333
36,57,44.0
17,63,40.0
12,28,18.166666666666668
15,15,15.0
9,25,15.333333333333334
0,30,13.2
12,27,17.666666666666668
4,25,14.5
17,28,22.5
3,30,16.5
20,22,21.0
2,18,10.0
41,41,41.0
0,51,19.571428571428573
18,33,25.5
2,26,11.4
7,31,19.0
2,2,2.0
3,26,18.8
3,23,13.0
16,42,25.5
14,23,18.5
2,10,6.333333333333333
4,4,4.0
5,44,22.714285714285715
13,29,21.0
12,12,12.0
13,25,19.0
21,21,21.0
15,34,24.5
12,24,18.0
21,21,21.0
9,39,24.75
9,20,14.5
11,24,17.5
11,42,20.25
0,32,16.0
8,45,18.75
7,7,7.0
1,30,15.0
12,15,13.333333333333334
1,28,15.333333333333334
14,28,19.5
0,0,0
3,40,21.5
6,11,9.333333333333334
10,10,10.0
5,17,12.5
8,19,14.75
10,25,17.5
4,22,13.166666666666666
7,17,11.333333333333334
7,14,9.333333333333334
7,40,23.5
18,18,18.0
2,38,13.0
14,18,16.333333333333332
4,12,9.0
17,28,22.5
2,13,9.0
0,32,11.333333333333334
2,17,11.333333333333334
8,28,17.2
11,23,17.2
7,21,14.0
7,20,12.666666666666666
6,44,18.25
0,0,0
5,15,10.0
1,1,1.0
0,19,7.0
0,0,0
8,19,14.666666666666666
3,3,3.0
8,26,15.0
5,19,12.0
1,29,15.0
0,0,0.0
3,18,10.333333333333334
20,20,20.0
2,20,10.5
14,28,23.333333333333332
4,30,16.6
14,14,14.0
6,15,9.666666666666666
3,31,17.4
17,17,17.0
11,11,11.0
4,25,14.5
5,17,9.333333333333334
7,18,12.5
0,0,0
0,0,0
9,17,14.5
1,1,1.0
5,5,5.0
8,23,16.0
7,10,8.666666666666666
0,0,0
3,28,15.333333333333334
20,33,26.5
5,46,16.5
0,0,0
2,18,9.5
3,17,10.0
3,24,13.5
8,25,15.0
15,19,17.0
21,21,21.0
0,14,7.714285714285714
14,34,22.333333333333332
0,3,2.0
6,34,15.333333333333334
17,24,20.333333333333332
4,16,10.0
2,33,16.5
2,25,13.666666666666666
8,8,8.0
11,11,11.0
6,15,10.5
4,12,8.666666666666666
7,11,9.333333333333334
10,19,14.5
11,12,11.5
5,22,11.0
9,19,14.0
2,16,7.333333333333333
10,22,17.333333333333332
15,40,23.75
0,29,8.75
3,17,11.0
3,14,8.5
9,9,9.0
4,21,16.0
10,19,14.0
10,20,15.0
11,11,11.0
0,0,0
3,28,12.333333333333334
3,21,13.833333333333334
3,11,7.0
18,49,30.666666666666668
12,12,12.0
7,31,13.8
18,19,18.5
7,31,20.0
3,3,3.0
12,32,21.75
1,15,8.75
6,22,14.0
9,28,21.25
2,2,2.0
5,31,18.75
23,23,23.0
9,21,15.666666666666666
39,39,39.0
17,22,19.0
4,23,14.75
12,20,16.0
3,22,9.166666666666666
4,50,17.8
15,24,18.333333333333332
7,18,12.5
0,0,0
6,29,16.8
5,8,6.666666666666667
9,24,17.6
7,51,29.0
7,32,18.75
7,33,22.666666666666668
11,25,16.0
2,17,9.666666666666666
8,41,22.0
15,37,26.0
4,31,17.0
12,14,13.0
9,26,17.5
0,9,4.5
4,19,10.75
14,15,14.5
39,39,39.0
4,18,11.75
7,7,7.0
5,29,15.666666666666666
1,6,3.5
6,14,10.0
4,21,10.25
5,12,7.666666666666667
0,0,0
1,20,10.5
6,6,6.0
8,15,12.25
2,2,2.0
10,10,10.0
5,20,10.333333333333334
11,22,14.5
10,10,10.0
2,28,14.0
8,8,8.0
11,19,15.0
2,2,2.0
6,17,9.75
0,0,0
9,16,13.25
18,18,18.0
9,23,15.2
1,31,16.0
0,9,4.0
4,4,4.0
0,14,8.166666666666666
2,2,2.0
2,17,10.666666666666666
8,22,15.75
8,9,8.5
13,30,18.0
4,30,14.666666666666666
0,27,9.666666666666666
18,18,18.0
5,16,9.666666666666666
9,38,21.0
21,21,21.0
16,26,21.0
8,24,13.333333333333334
5,21,10.0
6,14,10.0
8,12,10.0
6,6,6.0
0,0,0
13,26,16.857142857142858
1,21,14.333333333333334
28,30,29.0
3,14,8.5
2,14,10.166666666666666
3,33,19.666666666666668
5,28,16.666666666666668
2,37,14.4
5,42,19.8
19,19,19.0
3,15,10.0
0,46,21.0
10,10,10.0
13,25,18.333333333333332
12,12,12.0
7,15,10.333333333333334
1,1,1.0
11,23,15.666666666666666
0,8,4.0
0,0,0
3,28,16.75
0,23,11.0
7,31,18.0
18,28,23.0
8,21,14.5
11,26,20.25
1,16,9.666666666666666
11,11,11.0
1,24,12.4
4,32,18.0
0,32,21.75
10,10,10.0
1,30,17.0
5,5,5.0
3,18,11.5
5,15,10.333333333333334
3,22,8.0
3,28,15.5
2,20,11.0
7,9,8.0
4,13,8.5
11,12,11.5
13,18,15.5
13,32,20.333333333333332
8,15,11.5
8,18,13.0
9,25,17.333333333333332
14,40,27.0
8,24,13.0
3,41,18.8
8,26,15.75
4,15,10.75
8,25,14.714285714285714
0,0,0
7,40,18.428571428571427
7,34,23.0
5,26,17.0
0,0,0
16,27,19.25
32,44,38.0
14,14,14.0
4,38,20.444444444444443
10,10,10.0
0,40,15.666666666666666
8,24,16.8
10,24,15.0
17,17,17.0
10,24,17.666666666666668
13,16,14.5
0,0,0
3,3,3.0
0,0,0
10,30,20.0
7,10,8.5
18,30,23.333333333333332
3,7,5.0
9,24,16.75
12,17,14.5
16,23,19.25
13,38,22.4
21,25,23.0
19,31,26.0
9,34,19.4
18,18,18.0
8,32,17.333333333333332
16,21,18.5
0,0,0.0
8,25,14.75
7,30,17.5
6,35,20.5
4,23,16.666666666666668
6,34,22.75
22,22,22.0
12,30,21.0
10,22,16.0
1,23,13.333333333333334
12,23,17.5
4,30,15.0
10,16,13.0
35,35,35.0
5,19,14.0
11,12,11.5
9,31,18.333333333333332
2,24,15.0
8,8,8.0
0,2,1.0
40,40,40.0
20,23,21.5
12,14,13.333333333333334
11,28,19.5
14,14,14.0
12,28,23.25
0,0,0
0,14,5.8
22,47,34.5
0,5,3.0
1,17,9.5
5,42,22.25
10,31,24.0
0,0,0
8,28,17.0
16,40,23.0
4,10,6.5
1,22,9.25
14,14,14.0
6,18,12.0
0,23,12.75
3,19,11.0
3,25,14.333333333333334
5,5,5.0
5,14,9.25
10,10,10.0
6,28,13.0
4,12,6.5
2,24,11.4
15,15,15.0
8,45,24.75
4,22,14.571428571428571
6,17,11.5
20,37,25.666666666666668
6,40,22.333333333333332
8,35,18.75
1,17,5.75
15,41,24.0
6,26,16.0
10,12,11.0
1,13,7.666666666666667
8,25,13.75
12,25,19.666666666666668
42,42,42.0
5,17,11.0
2,43,23.25
6,6,6.0
6,32,19.75
5,32,17.666666666666668
19,24,21.5
13,20,16.5
24,24,24.0
35,35,35.0
18,18,18.0
13,50,31.5
20,24,22.0
5,23,13.8
5,15,10.0
5,5,5.0
8,36,22.0
29,29,29.0
25,25,25.0
5,16,10.666666666666666
20,25,22.5
22,31,25.666666666666668
14,26,20.4
6,23,14.5
6,43,24.5
4,15,9.333333333333334
4,4,4.0
18,22,20.0
11,11,11.0
1,13,7.0
15,50,32.5
27,27,27.0
3,10,7.4
4,19,10.666666666666666
3,14,9.75
12,13,12.5
13,44,31.666666666666668
22,22,22.0
2,32,18.333333333333332
0,0,0
7,28,17.5
4,17,10.5
0,0,0
9,21,15.666666666666666
7,45,24.4
18,59,32.2
51,51,51.0
7,33,19.6
21,28,25.333333333333332
24,38,30.0
8,21,14.75
10,10,10.0
2,45,18.2
0,0,0
5,12,9.0
21,68,44.5
9,27,15.4
20,24,22.0
10,23,16.5
12,33,18.25
5,32,22.333333333333332
16,16,16.0
1,47,24.25
4,15,10.333333333333334
21,48,29.25
4,29,18.6
18,63,35.333333333333336
12,34,23.0
0,0,0
14,30,24.0
19,45,29.5
7,34,17.0
23,26,24.5
16,38,28.4
7,41,21.2
4,27,19.0
0,31,15.75
4,10,7.0
8,48,26.75
8,18,13.0
9,27,18.0
6,31,25.5
9,18,14.25
17,40,28.5
2,33,22.333333333333332
2,33,14.166666666666666
0,0,0
0,21,9.166666666666666
27,27,27.0
0,9,4.5
10,26,15.0
6,45,20.8
17,46,29.0
13,21,17.0
1,33,17.5
8,29,18.0
15,22,19.333333333333332
22,36,29.2
23,23,23.0
2,32,20.2
2,34,19.333333333333332
13,38,25.5
19,38,28.5
12,36,23.25
18,35,28.25
4,4,4.0
0,27,17.5
13,27,19.0
11,11,11.0
24,26,25.0
1,12,8.0
48,48,48.0
24,46,32.333333333333336
15,24,20.0
2,75,30.25
9,26,17.5
9,49,21.2
9,53,21.5
0,25,17.5
9,38,23.5
8,45,20.428571428571427
10,24,15.333333333333334
0,38,14.666666666666666
4,11,8.666666666666666
1,40,25.0
7,31,17.5
17,17,17.0
11,48,32.0
8,48,24.0
8,25,16.5
0,10,4.0
3,32,16.5
0,0,0
5,47,27.8
9,9,9.0
11,14,12.5
2,28,15.0
21,47,30.333333333333332
18,18,18.0
1,38,15.375
31,34,32.5
5,29,16.5
16,33,24.5
9,36,20.75
2,9,5.75
10,39,20.75
9,36,17.6
2,17,9.5
7,15,11.0
16,30,21.2
10,10,10.0
18,35,27.75
17,34,23.5
18,36,26.6
11,32,21.5
3,8,5.5
8,41,23.0
49,49,49.0
38,47,41.333333333333336
13,38,24.25
10,31,18.8
16,34,23.0
10,40,25.0
3,33,21.666666666666668
17,17,17.0
2,41,17.857142857142858
51,51,51.0
7,21,16.0
16,20,18.0
16,23,19.5
11,14,12.5
2,10,6.333333333333333
13,35,24.0
9,26,19.4
