0,0,0
0,0,0
0,0,0
0,0,0
0,0,0
0,0,0
0,0,0
0,0,0
0,0,0
0,0,0
0,0,0
0,0,0
0,0,0
0,0,0
0,0,0
0,0,0
0,0,0
0,0,0
0,0,0
0,0,0
0,0,0
0,0,0
0,0,0
0,0,0
0,0,0
0,0,0
0,0,0
0,0,0
0,0,0
0,0,0
0,0,0
0,0,0.0
0,0,0
0,0,0
0,0,0
0,0,0
0,0,0
0,0,0
0,0,0
0,0,0
0,0,0
0,0,0
0,0,0
0,0,0
0,0,0
0,0,0
0,0,0
0,0,0
0,0,0
0,0,0
0,0,0
0,0,0
0,0,0
0,0,0
0,0,0
0,0,0
0,0,0
0,0,0
0,0,0
0,0,0
0,0,0
0,0,0
0,0,0
0,0,0
0,0,0
0,0,0
0,0,0
0,0,0
0,0,0.0
0,0,0
0,0,0
0,0,0.0
1,1,1.0
0,0,0
0,0,0
0,0,0
0,0,0
0,0,0
0,0,0
0,0,0
0,0,0
0,0,0
0,0,0.0
0,0,0
3,3,3.0
2,2,2.0
1,3,2.0
4,4,4.0
0,0,0
0,0,0
3,3,3.0
0,0,0
0,0,0
0,0,0
2,3,2.5
0,3,1.6666666666666667
0,0,0.0
0,2,1.0
2,2,2.0
0,0,0
0,2,1.0
0,1,0.5
1,8,4.0
0,0,0
1,8,4.5
0,0,0
0,0,0
8,8,8.0
0,0,0
1,1,1.0
2,9,5.5
0,0,0.0
1,8,4.5
1,1,1.0
2,8,5.0
5,12,9.333333333333334
0,0,0.0
0,0,0.0
0,0,0
6,6,6.0
3,3,3.0
1,12,6.5
5,8,6.5
0,4,2.0
1,4,2.5
2,5,4.0
10,10,10.0
0,8,4.333333333333333
4,4,4.0
4,8,6.0
1,6,3.5
0,3,1.5
4,5,4.666666666666667
4,7,5.5
2,9,6.333333333333333
12,12,12.0
4,4,4.0
2,15,8.5
4,4,4.0
0,7,3.0
7,7,7.0
6,6,6.0
2,6,4.0
2,9,5.5
4,7,6.0
4,5,4.5
1,8,4.25
4,15,8.333333333333334
0,13,6.5
1,1,1.0
1,3,2.3333333333333335
3,5,4.0
8,16,12.0
0,13,8.0
3,3,3.0
5,8,6.5
1,17,9.0
1,17,7.0
0,0,0
0,11,5.2
0,0,0
3,11,7.25
5,6,5.5
11,17,13.0
5,12,9.25
8,8,8.0
1,1,1.0
22,22,22.0
3,15,8.5
5,27,16.333333333333332
5,17,9.0
2,18,9.25
0,14,8.25
4,13,8.25
5,5,5.0
0,9,3.6666666666666665
1,1,1.0
9,20,14.5
1,9,5.0
17,17,17.0
4,9,6.5
0,6,3.0
7,12,9.5
0,0,0
2,12,6.333333333333333
0,12,6.333333333333333
5,14,10.666666666666666
10,10,10.0
3,6,4.5
6,22,11.5
12,12,12.0
4,21,8.5
5,5,5.0
10,10,10.0
10,26,19.0
5,22,11.333333333333334
24,24,24.0
18,18,18.0
8,15,10.5
6,7,6.5
8,8,8.0
12,12,12.0
6,8,7.0
1,26,10.333333333333334
4,5,4.5
4,21,10.0
7,19,11.0
8,21,14.833333333333334
5,5,5.0
3,24,12.333333333333334
10,12,11.0
1,16,7.333333333333333
6,12,9.0
1,10,6.0
1,1,1.0
3,19,8.75
17,17,17.0
1,14,7.5
14,14,14.0
7,12,9.5
4,12,8.666666666666666
12,29,19.4
14,17,15.5
11,22,16.5
8,17,12.333333333333334
2,24,9.666666666666666
5,19,12.0
6,20,13.666666666666666
6,27,14.0
10,10,10.0
1,28,14.5
10,20,14.8
13,16,14.5
3,7,5.0
27,27,27.0
2,19,10.5
16,16,16.0
8,10,9.0
15,34,21.333333333333332
6,8,6.666666666666667
6,17,12.5
10,22,16.0
19,22,20.5
14,14,14.0
2,23,14.666666666666666
7,7,7.0
10,28,15.75
8,20,14.0
4,19,10.0
14,15,14.5
12,35,23.333333333333332
6,10,8.333333333333334
10,25,16.333333333333332
0,0,0
10,15,13.0
0,0,0
28,28,28.0
0,0,0
7,36,16.0
11,15,12.333333333333334
15,30,24.0
0,0,0
19,19,19.0
6,23,12.0
3,37,15.0
2,26,11.0
4,24,9.0
2,17,9.0
0,0,0
4,17,11.285714285714286
2,21,12.5
9,13,11.0
8,23,18.0
5,15,9.2
6,31,18.5
13,38,26.0
13,22,17.333333333333332
15,23,18.25
10,23,16.0
10,19,15.0
0,0,0
4,49,29.0
26,28,27.0
19,19,19.0
16,31,23.333333333333332
14,34,25.2
4,33,18.666666666666668
5,24,14.5
8,28,19.5
15,15,15.0
8,21,14.5
11,12,11.666666666666666
14,23,18.5
1,28,18.75
1,23,12.0
8,20,14.333333333333334
7,16,10.75
1,15,7.5
1,10,5.5
13,35,20.75
16,22,19.666666666666668
2,31,18.6
9,13,11.0
5,23,16.666666666666668
13,13,13.0
17,17,17.0
20,22,21.0
3,3,3.0
5,19,14.0
13,13,13.0
9,37,23.0
12,12,12.0
8,22,16.333333333333332
32,32,32.0
16,17,16.5
12,25,18.5
6,25,14.833333333333334
4,18,11.0
5,20,14.333333333333334
15,32,23.5
20,49,34.5
8,38,18.666666666666668
2,10,6.0
13,13,13.0
1,32,14.8
1,17,9.333333333333334
9,16,12.25
11,11,11.0
9,37,20.5
12,49,26.6
2,28,14.5
1,44,18.25
0,18,9.0
13,26,17.666666666666668
17,48,28.666666666666668
8,8,8.0
9,11,10.333333333333334
8,43,25.5
5,30,14.75
15,17,16.0
0,50,16.2
3,14,8.5
9,25,17.5
16,30,23.333333333333332
19,19,19.0
17,34,25.0
7,32,19.833333333333332
5,25,15.0
16,21,18.333333333333332
13,43,27.0
14,27,18.666666666666668
0,0,0
9,20,13.0
0,13,4.333333333333333
9,29,20.0
5,40,16.75
13,19,16.333333333333332
3,29,21.0
17,17,17.0
9,13,11.666666666666666
6,44,25.6
0,0,0.0
16,40,24.0
5,43,24.6
11,35,19.5
20,24,21.666666666666668
17,44,28.333333333333332
21,22,21.5
22,34,28.0
5,40,24.833333333333332
27,33,30.0
15,15,15.0
1,38,19.75
23,37,29.0
0,31,10.6
22,24,23.0
0,33,13.5
25,41,33.0
17,21,19.0
1,20,12.0
34,34,34.0
10,45,24.0
21,24,22.5
4,42,24.666666666666668
4,36,25.666666666666668
8,42,25.0
17,40,26.25
16,16,16.0
18,34,27.666666666666668
4,39,18.5
19,33,26.0
36,36,36.0
15,23,19.0
6,31,18.5
17,32,24.5
8,15,11.5
0,36,16.0
13,13,13.0
12,37,24.0
13,49,34.2
13,28,20.0
10,39,17.5
14,14,14.0
11,35,23.0
23,26,24.5
12,32,20.0
29,54,41.5
6,33,16.833333333333332
17,17,17.0
3,25,16.0
15,17,16.0
12,12,12.0
4,23,14.0
5,43,27.666666666666668
7,36,24.2
7,41,19.0
48,48,48.0
9,28,20.0
18,21,19.333333333333332
8,30,16.0
8,28,20.4
10,10,10.0
1,17,11.857142857142858
4,4,4.0
4,57,17.11111111111111
10,21,16.25
12,45,29.666666666666668
6,35,14.833333333333334
1,33,17.0
3,12,7.5
17,38,29.25
0,0,0
19,30,24.333333333333332
29,29,29.0
5,38,21.5
0,12,7.0
7,7,7.0
7,25,18.0
11,63,33.25
51,51,51.0
27,27,27.0
18,18,18.0
22,31,27.333333333333332
15,20,17.5
5,10,7.5
16,52,33.25
9,9,9.0
14,17,15.5
27,27,27.0
8,19,15.333333333333334
20,32,25.0
11,17,13.0
0,49,22.0
10,31,18.666666666666668
10,37,25.8
8,12,10.0
19,39,29.0
5,21,14.6
10,10,10.0
0,51,21.333333333333332
19,30,24.5
6,48,28.0
6,36,23.666666666666668
28,28,28.0
9,73,26.4
7,50,27.75
8,32,19.75
5,20,13.4
31,31,31.0
12,23,17.5
5,44,21.833333333333332
8,8,8.0
5,30,17.5
0,36,14.75
6,28,17.0
7,47,20.333333333333332
13,39,30.333333333333332
5,72,29.2
18,32,25.0
1,22,11.5
8,30,18.666666666666668
19,31,25.0
7,24,18.0
17,35,26.0
44,52,48.0
0,0,0
21,21,21.0
10,52,30.75
5,35,20.0
0,40,20.666666666666668
4,4,4.0
7,53,22.4
7,25,13.4
15,41,28.0
3,40,22.0
7,19,11.333333333333334
33,37,35.0
15,33,21.75
31,31,31.0
7,44,27.75
0,0,0
13,38,24.0
11,24,19.0
1,38,19.25
7,7,7.0
1,1,1.0
8,42,25.8
47,47,47.0
20,72,46.0
11,69,32.4
13,19,16.0
16,34,22.4
0,47,22.4
21,29,24.0
38,38,38.0
4,39,21.571428571428573
0,28,14.0
8,8,8.0
0,18,9.0
17,20,18.5
29,29,29.0
8,29,18.5
15,29,20.4
3,56,32.8
21,39,30.0
21,26,23.5
0,0,0
23,35,29.0
7,25,16.0
18,36,27.0
1,64,21.6
7,34,18.5
2,44,16.0
14,38,26.0
0,33,10.0
3,10,6.666666666666667
36,37,36.5
45,45,45.0
3,13,8.0
9,32,22.333333333333332
11,49,30.0
12,20,16.0
18,47,32.25
9,64,32.0
3,46,22.2
31,31,31.0
15,23,19.0
13,40,21.8
1,10,5.5
29,49,36.666666666666664
25,68,43.0
21,69,38.666666666666664
4,16,10.0
17,45,33.25
6,17,13.75
28,42,37.0
9,20,17.0
11,39,23.0
18,37,26.6
36,36,36.0
0,0,0
6,28,16.0
3,36,15.666666666666666
16,34,26.0
8,8,8.0
15,37,28.5
20,31,25.333333333333332
36,50,43.0
4,33,17.333333333333332
50,59,54.5
7,62,27.714285714285715
15,17,16.0
4,42,20.75
4,21,14.25
19,58,34.5
10,50,30.0
11,62,34.6
7,25,18.25
7,25,16.0
9,33,18.666666666666668
5,27,17.4
16,35,23.666666666666668
18,41,30.8
12,12,12.0
10,68,28.0
12,23,17.5
5,17,10.666666666666666
66,66,66.0
6,6,6.0
13,42,25.666666666666668
27,27,27.0
6,36,17.285714285714285
31,31,31.0
7,36,19.666666666666668
4,28,19.666666666666668
9,27,21.25
19,25,22.0
5,30,16.666666666666668
15,15,15.0
2,17,10.666666666666666
9,22,15.5
16,46,32.0
22,22,22.0
14,33,23.5
27,27,27.0
9,68,27.5
17,24,20.666666666666668
6,36,19.666666666666668
4,36,16.5
46,82,64.0
13,38,28.333333333333332
4,16,11.333333333333334
14,44,25.0
0,0,0
1,21,13.333333333333334
35,37,36.0
9,64,34.75
0,0,0
7,38,18.75
14,15,14.5
7,27,17.0
9,31,23.0
4,43,18.666666666666668
5,48,23.0
2,31,16.5
15,18,16.5
0,50,15.5
5,32,19.0
5,34,19.333333333333332
5,30,17.333333333333332
8,95,38.333333333333336
16,16,16.0
66,66,66.0
9,32,24.75
13,48,28.666666666666668
7,15,11.0
28,32,30.0
20,25,22.5
3,40,21.333333333333332
0,0,0
14,43,27.8
12,25,19.666666666666668
22,27,24.5
14,19,15.666666666666666
7,21,13.6
10,57,33.4
5,33,20.666666666666668
8,16,13.0
4,43,22.8
8,8,8.0
7,19,13.333333333333334
17,37,29.4
6,57,31.5
4,33,18.5
2,54,22.4
31,31,31.0
14,14,14.0
21,21,21.0
6,11,8.333333333333334
19,59,39.0
20,32,26.0
9,21,15.666666666666666
3,29,16.0
7,42,24.5
7,7,7.0
11,36,22.666666666666668
14,23,19.0
9,59,28.333333333333332
9,26,18.8
19,19,19.0
1,32,18.0
5,25,16.2
7,13,10.0
1,39,15.333333333333334
17,17,17.0
9,31,20.0
0,34,14.666666666666666
5,41,18.25
8,30,16.333333333333332
10,19,14.5
15,15,15.0
10,63,35.0
11,68,39.5
14,41,23.5
14,14,14.0
9,59,22.142857142857142
14,14,14.0
7,19,12.25
25,25,25.0
1,42,19.166666666666668
1,33,17.0
14,37,25.5
22,23,22.5
5,24,12.75
0,0,0
0,0,0
0,28,15.75
25,33,29.0
9,63,24.4
13,16,14.5
3,16,10.5
6,22,14.0
8,16,12.0
14,24,20.0
1,32,19.0
8,32,17.666666666666668
17,45,32.8
12,59,26.5
10,63,31.333333333333332
17,58,28.5
5,29,21.0
0,74,24.5
18,29,22.0
9,26,15.666666666666666
9,34,17.75
1,24,8.666666666666666
6,48,25.5
7,29,14.666666666666666
3,46,24.4
8,28,20.0
11,37,26.333333333333332
11,11,11.0
1,29,10.666666666666666
3,3,3.0
13,27,20.0
10,29,19.5
8,38,18.0
15,50,27.333333333333332
9,25,17.0
46,56,51.0
31,61,47.333333333333336
2,39,23.333333333333332
11,39,25.0
16,37,22.2
20,27,23.0
15,30,22.0
0,37,23.25
8,38,18.25
3,21,11.666666666666666
6,32,18.0
0,21,12.666666666666666
12,25,19.333333333333332
30,36,33.0
12,15,13.333333333333334
24,27,25.5
13,46,28.285714285714285
8,8,8.0
13,41,27.0
5,21,15.0
18,36,27.333333333333332
14,45,29.75
7,34,20.5
0,40,20.5
21,46,33.5
11,25,17.666666666666668
16,25,21.0
28,86,57.0
9,29,22.25
22,31,26.666666666666668
12,61,25.25
10,64,30.6
0,36,18.5
4,23,17.0
16,77,41.333333333333336
16,45,30.5
15,55,35.0
19,54,34.0
8,21,13.666666666666666
14,82,38.0
6,36,16.166666666666668
8,21,13.5
5,38,21.5
8,29,17.0
1,29,20.6
0,0,0
4,30,22.0
31,31,31.0
3,31,21.714285714285715
18,37,27.5
39,44,41.5
17,27,21.333333333333332
7,32,17.25
3,41,16.0
25,28,26.5
2,34,19.666666666666668
6,33,18.0
7,46,26.5
31,35,33.0
9,9,9.0
11,25,16.75
15,15,15.0
4,13,9.0
27,27,27.0
3,29,16.0
0,0,0
15,49,29.8
0,10,5.0
9,51,33.666666666666664
0,0,0
0,0,0
0,37,25.4
0,26,16.4
13,13,13.0
8,37,20.0
15,28,21.5
24,49,36.5
3,52,23.333333333333332
24,37,29.0
10,10,10.0
5,25,17.666666666666668
17,17,17.0
11,47,26.0
9,46,25.333333333333332
10,58,33.0
0,0,0
14,52,29.25
22,44,33.0
19,49,35.75
14,21,18.0
14,19,16.333333333333332
17,17,17.0
5,24,17.5
2,32,15.666666666666666
14,33,23.833333333333332
6,41,18.5
7,54,25.5
10,28,18.0
36,47,41.5
3,49,26.0
12,41,28.5
21,50,33.25
3,30,12.666666666666666
4,36,21.166666666666668
4,31,18.666666666666668
10,15,12.5
4,39,22.0
1,48,19.0
11,16,13.5
1,42,18.0
14,16,15.0
10,43,19.75
8,23,16.25
13,49,31.0
7,10,8.5
51,51,51.0
13,13,13.0
16,16,16.0
10,36,20.0
1,48,28.666666666666668
45,45,45.0
2,40,24.75
2,29,11.0
7,19,11.8
10,24,17.0
9,24,14.666666666666666
6,26,16.666666666666668
3,3,3.0
27,42,34.5
1,28,13.666666666666666
5,31,21.0
0,0,0
3,29,13.0
3,15,8.0
9,29,16.2
0,20,10.0
6,20,12.0
58,58,58.0
3,21,12.75
25,25,25.0
3,37,16.166666666666668
12,23,17.5
8,41,25.666666666666668
14,14,14.0
5,14,9.333333333333334
2,29,12.166666666666666
16,18,17.0
8,22,18.0
26,26,26.0
5,27,16.0
0,0,0
17,25,20.0
4,21,12.75
19,35,27.0
5,54,22.0
23,23,23.0
9,13,11.0
5,49,33.0
1,13,8.0
68,68,68.0
14,20,17.333333333333332
36,61,48.5
4,30,17.0
11,42,24.25
3,3,3.0
0,15,7.5
8,26,13.75
5,40,25.0
3,23,13.0
5,56,24.0
4,4,4.0
10,22,16.0
10,45,18.714285714285715
13,24,19.0
3,34,20.75
40,40,40.0
13,23,20.0
5,18,11.8
9,15,13.0
13,41,27.0
9,30,21.5
0,0,0
2,43,18.285714285714285
3,20,8.75
29,29,29.0
5,24,15.5
12,17,14.333333333333334
13,14,13.5
7,31,18.333333333333332
18,34,25.666666666666668
12,13,12.5
9,44,22.333333333333332
9,9,9.0
12,20,16.0
2,33,14.833333333333334
10,30,18.0
57,57,57.0
13,77,33.75
6,23,11.666666666666666
22,22,22.0
4,46,17.5
8,15,10.666666666666666
21,21,21.0
11,41,20.666666666666668
0,0,0
4,21,12.5
4,5,4.5
28,41,34.5
8,19,14.6
20,20,20.0
11,19,14.333333333333334
8,27,15.5
6,6,6.0
12,51,31.5
11,12,11.5
9,16,12.5
9,15,12.0
6,39,14.75
2,18,10.0
11,18,14.333333333333334
6,25,16.0
6,15,11.25
13,13,13.0
3,17,9.666666666666666
1,19,11.5
4,19,11.5
4,6,5.0
11,11,11.0
1,15,9.5
12,12,12.0
15,42,25.0
5,5,5.0
9,25,17.0
11,22,17.75
17,32,24.5
13,31,22.0
10,46,22.25
13,29,19.0
20,32,27.666666666666668
22,22,22.0
25,25,25.0
6,52,29.75
19,19,19.0
6,26,14.166666666666666
0,0,0
1,36,25.5
13,23,18.0
6,28,16.75
9,28,16.0
10,23,13.6
30,30,30.0
23,51,36.75
2,52,21.0
10,18,15.0
17,35,26.0
17,61,32.0
20,20,20.0
18,63,37.0
20,20,20.0
13,20,16.666666666666668
0,20,13.833333333333334
14,14,14.0
14,14,14.0
4,34,18.625
21,40,32.0
10,35,20.833333333333332
18,22,20.0
3,40,17.8
5,24,12.0
6,35,17.666666666666668
14,20,16.333333333333332
6,14,10.0
10,28,19.0
10,29,19.0
9,14,12.0
6,36,21.666666666666668
2,24,12.25
7,28,18.4
6,17,13.0
4,23,12.75
11,27,21.5
17,17,17.0
13,33,22.0
17,31,24.0
3,27,10.25
9,32,21.0
15,36,23.0
6,39,22.5
2,33,20.4
11,11,11.0
13,21,17.2
14,28,22.25
10,47,31.5
5,20,11.666666666666666
2,30,20.0
1,35,20.666666666666668
3,55,35.333333333333336
14,34,23.0
22,47,34.5
11,34,22.8
14,31,20.333333333333332
11,28,19.5
14,32,22.2
22,22,22.0
19,40,29.5
13,39,25.4
10,28,19.6
30,30,30.0
10,10,10.0
10,37,23.5
14,14,14.0
17,21,18.666666666666668
10,38,24.0
26,49,36.0
14,29,21.5
11,32,21.5
1,40,20.5
0,0,0
12,17,14.5
7,20,15.333333333333334
10,59,27.5
8,8,8.0
22,26,24.0
11,47,26.75
17,24,20.5
8,65,27.6
6,6,6.0
9,36,24.285714285714285
17,27,23.666666666666668
3,15,11.0
11,33,23.8
7,36,22.2
1,27,14.0
0,24,13.4
12,31,21.5
3,19,11.6
10,57,27.75
7,57,32.0
13,38,23.4
24,30,26.333333333333332
26,26,26.0
3,44,22.75
11,11,11.0
9,71,40.0
4,48,30.0
0,0,0
3,12,6.75
22,22,22.0
3,42,27.5
34,34,34.0
29,37,33.0
14,41,24.666666666666668
13,31,22.666666666666668
26,48,39.75
9,21,14.0
15,45,28.333333333333332
30,47,36.0
27,27,27.0
32,38,35.0
3,27,13.333333333333334
12,12,12.0
25,49,37.0
6,32,21.0
10,29,18.0
30,32,31.333333333333332
35,37,36.0
14,42,27.75
4,39,26.0
6,31,21.0
12,18,15.0
30,34,32.0
11,55,36.0
30,44,36.666666666666664
4,59,21.666666666666668
3,26,15.5
0,0,0
8,17,13.666666666666666
11,45,28.0
17,35,27.333333333333332
20,45,35.0
1,7,4.666666666666667
12,55,29.0
3,22,13.75
15,34,24.5
16,43,33.0
15,21,18.0
49,49,49.0
9,30,19.5
24,24,24.0
3,34,17.4
16,38,27.0
16,27,22.2
12,35,23.5
9,42,20.666666666666668
10,36,25.4
6,16,11.0
48,48,48.0
13,13,13.0
7,48,20.0
30,30,30.0
17,51,33.0
0,0,0
26,37,31.25
0,0,0
12,39,22.6
11,37,28.333333333333332
6,44,19.833333333333332
10,34,22.0
0,0,0
51,51,51.0
20,40,30.0
23,69,46.0
26,26,26.0
3,39,17.25
60,60,60.0
5,42,19.0
25,42,36.0
24,48,34.333333333333336
12,51,29.75
8,34,23.333333333333332
10,33,20.75
2,30,20.333333333333332
15,40,24.666666666666668
4,28,17.25
44,44,44.0
4,38,26.5
6,21,13.25
0,48,24.0
5,54,21.4
2,20,10.333333333333334
26,44,35.0
9,23,13.75
11,29,22.333333333333332
26,26,26.0
14,43,31.333333333333332
34,36,35.0
5,16,10.5
13,13,13.0
4,19,11.5
23,25,24.0
22,46,35.0
18,32,25.0
9,57,28.25
5,43,20.0
10,19,15.5
0,9,5.0
10,40,24.0
0,0,0
16,16,16.0
23,37,31.5
1,37,14.666666666666666
13,13,13.0
17,17,17.0
4,33,19.6
23,30,26.5
0,28,13.4
0,0,0
13,27,19.0
12,75,42.666666666666664
13,38,23.0
20,29,24.333333333333332
23,30,26.5
17,66,43.666666666666664
7,44,23.75
20,55,37.5
7,67,30.166666666666668
10,39,20.666666666666668
5,43,25.5
6,31,17.666666666666668
9,82,34.25
19,47,33.0
0,0,0
28,34,30.666666666666668
15,36,24.8
24,46,36.25
7,27,16.0
11,51,28.2
25,42,32.75
17,35,26.0
10,24,17.0
13,75,45.333333333333336
10,45,31.333333333333332
7,32,17.0
9,34,21.5
10,13,11.5
35,48,41.5
37,37,37.0
5,48,28.8
6,49,26.75
16,26,21.0
4,38,21.75
9,27,22.5
13,19,16.0
26,39,32.5
7,33,20.0
29,42,35.5
8,60,30.666666666666668
11,45,26.5
10,44,30.0
1,36,18.5
1,4,2.5
29,47,38.0
37,37,37.0
10,53,32.8
6,63,34.5
5,60,30.6
13,30,19.0
21,91,48.0
27,45,36.0
12,33,21.0
18,30,24.0
23,38,31.333333333333332
9,59,25.666666666666668
7,26,18.0
11,53,39.0
12,22,17.0
5,34,18.0
17,34,22.5
5,47,22.75
33,41,37.0
23,60,41.0
8,8,8.0
10,25,19.0
6,20,13.0
23,29,26.0
1,34,14.6
41,41,41.0
37,49,43.0
9,50,26.25
18,38,28.0
19,63,39.5
19,33,26.0
7,28,17.5
10,33,24.428571428571427
19,24,21.5
25,27,26.0
21,25,23.0
13,29,20.25
8,26,19.0
21,28,25.666666666666668
1,1,1.0
13,27,20.0
28,42,36.0
6,32,20.0
8,43,23.8
16,16,16.0
4,54,33.77777777777778
0,0,0
10,49,29.285714285714285
4,40,26.333333333333332
11,39,28.4
15,51,33.0
15,44,29.2
13,35,24.0
18,39,30.333333333333332
1,15,8.0
5,15,10.0
22,24,23.0
14,39,27.0
8,42,27.333333333333332
23,42,30.8
33,33,33.0
12,41,30.0
10,54,28.0
9,39,22.2
3,3,3.0
2,55,30.875
8,8,8.0
23,23,23.0
35,40,37.5
30,48,38.666666666666664
23,40,29.5
45,45,45.0
11,75,31.4
26,31,28.25
33,40,36.5
1,42,15.0
5,47,29.666666666666668
12,21,16.5
6,51,32.666666666666664
11,83,48.0
25,31,28.0
0,28,12.0
32,60,47.0
9,12,10.5
7,41,28.666666666666668
16,64,32.25
15,23,18.25
18,52,32.714285714285715
25,25,25.0
3,38,18.6
33,36,34.5
24,46,36.333333333333336
1,36,18.5
29,52,40.5
27,40,33.333333333333336
6,16,11.0
3,33,17.333333333333332
0,0,0
17,30,22.666666666666668
0,0,0
5,52,24.0
23,23,23.0
0,8,4.0
2,40,27.333333333333332
28,32,30.0
10,17,13.5
5,56,32.75
6,64,34.4
24,38,31.0
2,49,27.0
21,21,21.0
14,32,21.0
29,29,29.0
11,61,28.666666666666668
1,44,18.428571428571427
5,45,26.2
5,35,16.0
14,72,46.8
5,43,22.333333333333332
6,26,16.0
5,13,9.0
0,30,15.2
34,48,39.0
6,51,34.8
9,42,27.75
16,70,31.5
18,43,30.5
16,46,34.0
2,19,10.5
11,21,16.0
15,59,38.0
1,44,27.4
1,58,31.0
36,41,38.5
3,27,13.666666666666666
14,72,41.8
10,67,36.75
15,32,22.0
8,53,27.333333333333332
17,29,24.0
26,63,43.666666666666664
0,0,0
2,89,46.25
11,27,19.0
5,48,21.4
17,34,25.5
6,44,27.75
0,0,0
41,62,51.5
19,61,34.333333333333336
18,32,24.333333333333332
43,43,43.0
3,49,27.6
20,67,41.666666666666664
43,47,45.25
41,41,41.0
12,40,26.25
6,44,30.333333333333332
25,42,35.0
13,45,27.2
12,54,26.0
0,43,28.6
17,49,29.5
5,32,22.0
7,76,26.142857142857142
26,35,30.75
22,28,25.0
43,58,50.5
32,47,37.333333333333336
39,39,39.0
17,26,20.333333333333332
36,37,36.5
2,65,29.0
9,12,10.5
47,47,47.0
26,50,39.0
26,39,32.5
4,4,4.0
5,28,14.75
19,24,21.5
23,35,29.666666666666668
6,62,28.5
7,27,17.0
6,41,19.25
27,27,27.0
18,43,33.6
0,40,16.75
37,37,37.0
12,28,20.0
5,29,19.5
25,38,31.5
25,25,25.0
22,44,32.0
16,19,17.5
0,55,22.6
2,36,19.571428571428573
18,33,27.25
21,32,26.5
19,20,19.5
26,52,36.25
18,45,31.5
2,39,20.666666666666668
36,57,45.666666666666664
0,0,0
15,60,34.333333333333336
18,63,33.75
1,46,20.6
15,54,30.75
5,41,23.8
2,2,2.0
10,63,33.75
52,52,52.0
0,62,17.0
5,32,16.666666666666668
17,50,28.75
12,38,25.333333333333332
5,47,21.25
17,31,24.0
9,9,9.0
9,41,20.0
18,18,18.0
16,29,23.666666666666668
0,38,19.4
3,16,9.5
22,31,26.5
5,43,17.0
15,62,27.25
6,37,21.5
9,53,28.75
13,13,13.0
13,61,33.8
1,41,21.666666666666668
7,43,28.666666666666668
13,39,23.666666666666668
22,60,34.5
33,33,33.0
6,41,25.333333333333332
25,42,31.333333333333332
11,41,26.0
21,57,39.0
15,44,25.5
3,32,16.333333333333332
10,15,12.5
2,33,14.666666666666666
10,62,28.8
13,13,13.0
20,22,20.666666666666668
14,26,21.333333333333332
6,25,13.0
11,45,28.0
13,23,17.0
18,23,20.5
7,62,34.5
12,36,23.2
7,21,14.0
11,55,35.0
13,13,13.0
11,50,30.5
32,32,32.0
0,0,0
2,26,14.0
17,62,32.0
25,51,36.0
2,29,14.5
3,54,19.25
13,35,23.666666666666668
15,42,28.5
8,8,8.0
6,21,14.666666666666666
9,59,27.0
20,60,40.0
18,34,26.0
2,24,16.333333333333332
15,16,15.5
13,52,29.5
17,18,17.5
4,23,11.5
11,57,33.75
33,39,36.0
20,37,25.75
1,27,15.25
15,33,22.0
3,38,20.0
7,30,18.5
18,47,32.333333333333336
33,47,40.0
11,27,16.4
0,26,10.4
11,31,19.666666666666668
23,33,28.0
26,50,38.0
25,25,25.0
8,23,16.0
8,27,19.333333333333332
5,47,31.75
7,28,15.333333333333334
5,76,35.0
5,44,17.5
14,24,19.666666666666668
23,49,32.2
19,32,25.5
19,22,20.5
9,32,21.666666666666668
3,69,36.666666666666664
26,32,29.0
5,30,14.75
22,35,26.5
1,29,17.666666666666668
26,35,31.666666666666668
2,29,15.5
23,28,25.5
23,35,28.8
7,56,31.5
3,8,5.5
0,0,0
11,20,15.5
5,9,7.0
7,7,7.0
18,54,30.0
1,23,14.0
14,39,23.25
3,3,3.0
5,40,22.5
6,17,12.333333333333334
2,24,10.75
19,19,19.0
2,16,8.0
14,14,14.0
12,17,14.5
21,28,24.5
9,23,16.0
8,27,17.5
10,20,14.333333333333334
15,21,18.333333333333332
8,17,13.333333333333334
22,22,22.0
34,34,34.0
10,16,13.0
22,22,22.0
13,13,13.0
5,36,20.5
11,15,13.0
28,44,36.0
5,35,18.2
15,17,16.333333333333332
2,45,25.166666666666668
5,22,14.0
14,57,34.0
7,20,14.666666666666666
4,9,6.5
45,45,45.0
2,27,14.75
9,39,23.0
19,29,24.0
3,45,26.2
0,0,0
72,72,72.0
7,24,15.5
12,34,23.0
15,55,36.666666666666664
12,42,25.333333333333332
1,25,13.0
4,21,11.666666666666666
18,42,29.25
7,56,26.75
19,22,20.5
13,39,25.25
27,34,31.0
8,29,19.0
10,38,22.8
9,19,13.4
9,31,19.75
4,26,11.666666666666666
13,27,20.0
7,23,16.5
20,26,22.75
0,0,0
0,0,0
7,7,7.0
0,0,0
8,34,22.0
16,16,16.0
11,55,35.5
28,28,28.0
16,37,26.0
42,42,42.0
8,39,22.625
0,0,0
27,43,33.0
24,47,35.5
3,50,17.4
12,46,28.666666666666668
3,50,27.0
18,51,30.0
6,23,14.4
8,56,23.833333333333332
16,53,33.0
17,36,26.5
14,48,30.0
6,6,6.0
3,34,19.2
13,13,13.0
11,11,11.0
9,32,20.5
4,66,35.75
10,27,21.0
9,49,22.25
52,52,52.0
35,57,43.666666666666664
6,32,19.0
6,22,13.666666666666666
9,36,18.4
12,43,28.5
17,52,38.333333333333336
11,11,11.0
32,48,40.0
5,46,23.5
42,42,42.0
10,28,16.4
0,0,0
21,21,21.0
11,18,14.333333333333334
6,25,15.5
6,6,6.0
10,33,21.5
10,48,29.0
3,62,29.333333333333332
24,47,33.0
29,61,45.0
6,34,20.0
22,27,24.5
13,34,20.25
31,31,31.0
11,24,16.5
2,13,8.0
1,43,22.0
9,25,17.25
8,30,17.0
14,28,21.0
7,32,17.333333333333332
0,0,0
18,40,29.0
29,35,32.0
12,41,24.6
25,25,25.0
56,56,56.0
8,36,21.0
0,13,6.0
5,44,29.333333333333332
0,0,0
5,9,7.333333333333333
10,51,30.75
18,41,29.5
13,48,28.333333333333332
14,73,41.666666666666664
18,35,25.0
16,24,20.0
17,66,33.57142857142857
3,46,27.666666666666668
27,49,34.666666666666664
24,24,24.0
13,62,33.0
28,35,32.5
21,30,24.0
40,40,40.0
12,36,23.4
11,48,25.5
14,41,24.166666666666668
12,55,26.333333333333332
6,22,16.333333333333332
17,21,19.0
11,28,21.6
16,44,28.0
13,20,16.5
22,25,23.5
8,49,21.75
13,44,28.4
2,34,13.333333333333334
2,34,16.8
31,36,33.5
13,36,25.5
3,44,28.333333333333332
3,43,18.857142857142858
1,32,16.333333333333332
7,42,23.6
0,13,6.5
22,48,32.833333333333336
6,35,17.6
0,0,0
24,34,30.333333333333332
13,43,25.2
7,41,23.333333333333332
8,21,14.333333333333334
8,18,12.333333333333334
18,26,22.0
18,56,31.0
5,26,17.0
18,24,21.0
14,39,25.0
5,26,14.5
12,26,19.0
13,38,23.0
28,35,31.5
19,34,25.25
34,34,34.0
33,40,36.5
15,20,17.5
9,33,18.0
4,40,24.333333333333332
9,17,13.0
21,25,23.666666666666668
10,35,23.0
36,36,36.0
13,49,31.5
1,26,16.0
24,42,35.0
11,40,23.0
20,41,30.5
16,34,25.0
26,26,26.0
9,18,13.5
8,39,20.333333333333332
5,19,12.0
11,13,12.0
5,22,12.0
0,0,0
17,32,22.25
18,60,39.0
1,56,20.2
13,68,35.0
18,84,51.0
4,24,17.0
13,23,18.0
0,0,0
1,27,11.25
9,38,23.5
2,30,10.25
3,48,20.5
1,30,15.142857142857142
0,0,0
7,38,22.5
15,44,30.666666666666668
1,44,19.0
14,50,27.666666666666668
15,39,28.75
20,36,28.0
6,27,16.5
14,37,22.666666666666668
9,33,21.333333333333332
5,56,28.142857142857142
21,49,36.0
7,56,31.666666666666668
8,39,23.333333333333332
23,44,31.0
13,55,32.333333333333336
18,18,18.0
0,0,0
24,29,26.5
9,37,21.5
1,42,20.0
24,51,34.0
8,37,20.75
35,55,45.0
8,32,19.25
4,46,19.0
23,47,32.0
12,21,16.5
3,35,18.6
10,10,10.0
17,31,24.0
9,24,14.6
18,27,22.666666666666668
7,37,18.6
11,26,18.5
9,74,34.666666666666664
14,44,27.0
73,73,73.0
16,55,36.666666666666664
0,0,0
8,53,33.0
22,44,30.0
0,38,20.666666666666668
12,12,12.0
6,38,23.25
0,0,0
8,49,30.2
42,42,42.0
6,36,21.0
0,0,0
4,39,26.75
4,23,13.5
20,45,30.6
25,51,35.666666666666664
0,43,22.75
12,35,22.0
5,35,21.6
10,26,17.25
16,16,16.0
6,44,28.0
24,32,27.0
14,21,16.666666666666668
2,48,29.714285714285715
5,60,37.2
23,23,23.0
7,7,7.0
7,45,33.5
14,32,26.0
5,43,27.833333333333332
13,26,20.666666666666668
9,43,27.2
21,46,33.5
10,66,26.857142857142858
14,36,23.333333333333332
66,66,66.0
20,49,29.0
14,18,16.0
11,42,22.666666666666668
22,37,30.666666666666668
9,33,18.5
32,35,33.333333333333336
2,80,36.4
26,45,34.2
3,3,3.0
5,43,23.666666666666668
5,48,29.75
16,41,27.666666666666668
0,49,27.6
20,39,29.0
28,83,48.833333333333336
10,10,10.0
7,58,22.2
27,27,27.0
1,24,9.75
45,45,45.0
23,52,37.5
36,115,57.5
14,36,26.6
2,44,16.333333333333332
11,56,33.333333333333336
2,53,22.5
11,50,28.4
26,32,28.333333333333332
11,25,16.0
3,52,27.5
0,10,5.0
10,10,10.0
15,38,30.25
9,9,9.0
7,19,13.0
16,29,24.0
9,46,27.5
11,22,17.0
10,71,28.75
11,33,22.333333333333332
4,34,18.8
24,44,34.0
10,30,18.428571428571427
11,35,19.666666666666668
16,49,32.5
11,11,11.0
7,99,38.4
22,44,30.0
15,15,15.0
15,78,34.25
24,42,33.0
5,36,16.75
2,2,2.0
21,62,36.666666666666664
16,76,39.6
71,71,71.0
8,46,24.0
12,39,27.0
2,32,14.5
45,81,63.0
10,44,24.333333333333332
18,60,39.0
16,35,25.0
19,53,36.0
27,38,32.5
17,17,17.0
29,40,33.666666666666664
3,51,21.0
1,1,1.0
2,2,2.0
21,51,35.25
5,38,22.0
33,48,41.0
19,35,29.333333333333332
14,39,21.166666666666668
5,28,17.0
9,23,14.666666666666666
23,37,29.8
31,39,35.0
7,66,28.5
10,30,22.0
16,44,26.25
32,56,45.0
1,17,8.0
24,40,32.0
10,33,22.0
1,34,12.0
20,64,42.666666666666664
10,28,21.333333333333332
25,44,34.5
9,16,13.666666666666666
8,61,33.0
46,46,46.0
5,21,13.25
4,19,11.5
17,31,24.0
14,25,17.666666666666668
24,24,24.0
14,22,17.0
0,36,22.0
7,21,15.333333333333334
3,52,23.571428571428573
31,31,31.0
4,74,35.5
19,25,21.333333333333332
23,71,47.0
18,73,45.5
20,30,26.0
7,42,19.75
5,25,15.25
7,61,28.8
3,60,29.166666666666668
8,32,19.666666666666668
3,42,19.6
13,17,15.0
21,32,26.333333333333332
30,51,40.0
11,29,20.333333333333332
20,21,20.5
73,73,73.0
23,39,31.0
8,20,13.0
43,43,43.0
10,41,25.5
5,14,9.5
11,29,17.333333333333332
23,27,25.0
12,15,13.333333333333334
19,27,23.0
14,26,21.666666666666668
18,45,30.0
35,69,52.0
9,68,34.25
3,21,12.0
16,41,29.666666666666668
8,24,13.666666666666666
3,13,8.0
32,32,32.0
7,18,13.666666666666666
9,58,29.4
9,45,27.0
9,27,20.0
19,27,23.0
0,53,17.5
14,42,26.6
18,18,18.0
8,23,15.5
9,9,9.0
38,38,38.0
12,20,16.333333333333332
10,10,10.0
4,52,29.0
23,23,23.0
6,26,16.75
4,4,4.0
11,34,20.6
20,23,21.5
19,39,29.0
2,9,5.5
3,19,11.4
0,0,0.0
9,40,21.333333333333332
29,33,31.0
8,25,18.666666666666668
6,21,15.25
18,36,26.0
24,31,27.5
23,26,24.5
17,24,20.0
23,23,23.0
3,23,13.8
21,28,24.5
13,28,20.5
13,19,16.666666666666668
20,22,21.0
2,27,11.75
0,39,20.0
7,36,19.25
5,30,18.5
13,21,16.0
3,43,24.75
0,22,7.25
8,23,13.333333333333334
8,28,18.0
8,15,11.5
13,34,25.25
21,39,30.0
31,37,34.666666666666664
43,43,43.0
24,27,25.5
10,39,22.5
3,3,3.0
2,29,20.166666666666668
12,19,15.5
18,25,21.5
29,29,29.0
7,29,17.0
8,66,29.333333333333332
17,35,26.0
17,24,20.0
14,14,14.0
25,25,25.0
26,58,42.0
27,46,36.5
19,21,20.0
21,49,35.0
14,48,32.5
0,0,0
20,52,38.666666666666664
0,0,0
10,52,26.166666666666668
0,0,0
0,39,17.333333333333332
19,26,22.5
10,72,39.5
14,16,14.666666666666666
0,23,12.2
0,0,0
2,55,22.8
21,40,28.666666666666668
19,53,37.2
22,34,28.0
0,14,9.333333333333334
37,37,37.0
23,42,32.75
2,24,11.0
28,33,30.5
32,38,35.0
10,22,17.333333333333332
14,35,23.5
23,24,23.5
4,26,16.25
6,6,6.0
17,34,27.2
15,15,15.0
14,31,22.5
6,55,31.333333333333332
10,65,24.6
8,46,32.5
5,52,19.6
0,0,0
11,26,17.25
10,43,21.0
29,29,29.0
3,22,14.25
13,29,21.0
6,29,17.5
8,25,16.5
17,57,30.166666666666668
25,25,25.0
13,43,26.0
6,9,7.5
10,49,22.4
17,24,19.75
19,46,34.0
23,23,23.0
5,42,28.25
17,71,34.0
17,103,49.333333333333336
8,14,11.0
17,104,51.0
15,44,29.5
10,31,21.0
2,89,28.0
20,24,22.0
4,68,39.8
26,39,32.5
2,92,30.875
16,16,16.0
5,60,32.25
32,40,36.0
6,40,21.285714285714285
32,56,43.333333333333336
7,42,24.333333333333332
0,0,0
7,17,13.666666666666666
14,36,24.5
18,57,32.75
33,84,56.0
6,42,22.666666666666668
19,28,23.5
28,54,41.0
18,53,33.25
44,58,51.0
33,33,33.0
16,56,27.6
46,46,46.0
7,58,33.0
38,58,48.0
1,43,25.4
5,53,27.5
0,0,0
11,63,35.8
4,32,17.714285714285715
25,58,34.6
8,12,10.0
5,64,31.4
0,0,0
1,39,19.6
7,17,11.333333333333334
5,28,16.75
0,0,0
39,39,39.0
11,19,15.0
20,45,32.5
9,74,42.75
12,39,24.25
22,47,34.666666666666664
37,53,43.5
45,45,45.0
35,49,42.0
7,35,21.0
47,47,47.0
5,39,27.5
8,65,34.0
12,37,23.0
18,114,50.666666666666664
8,62,31.2
17,62,39.5
4,34,19.0
20,64,42.333333333333336
1,50,25.75
21,21,21.0
8,33,21.0
16,29,24.333333333333332
5,33,19.0
10,42,28.2
4,49,26.0
21,57,36.5
19,91,50.0
6,36,21.0
4,59,28.4
14,34,23.4
22,45,33.5
39,79,59.0
0,0,0
1,78,40.666666666666664
26,45,35.5
10,35,24.0
40,47,43.5
2,26,15.666666666666666
18,38,29.8
6,68,37.0
1,25,13.0
45,45,45.0
31,31,31.0
38,85,50.4
14,14,14.0
35,46,40.5
6,22,17.5
1,23,13.0
15,53,33.25
12,65,34.0
11,41,28.333333333333332
0,46,27.142857142857142
23,23,23.0
29,33,31.0
19,69,39.5
22,38,29.0
14,51,33.333333333333336
18,52,29.25
10,46,31.25
1,48,15.75
18,46,29.4
5,39,22.333333333333332
18,30,23.333333333333332
2,92,29.0
12,47,33.0
35,57,44.5
22,28,25.333333333333332
19,84,45.0
19,43,31.333333333333332
4,42,24.0
1,62,23.0
6,13,9.5
18,64,39.2
37,66,47.333333333333336
17,62,39.8
18,45,31.5
50,50,50.0
12,44,26.0
4,41,29.428571428571427
18,53,29.666666666666668
19,71,47.6
23,73,47.25
29,37,33.0
27,49,38.0
16,46,31.0
42,42,42.0
7,32,19.5
22,22,22.0
10,32,21.0
28,47,37.5
4,51,18.0
23,38,28.333333333333332
3,40,22.2
26,26,26.0
15,38,27.2
32,35,33.5
2,42,29.8
27,47,37.0
4,46,23.166666666666668
23,27,25.0
11,40,25.5
9,50,27.4
24,74,45.666666666666664
24,61,36.5
15,27,21.0
8,45,27.8
8,31,19.5
5,36,22.0
13,24,20.0
7,11,9.333333333333334
17,62,37.666666666666664
29,29,29.0
11,60,35.0
14,63,36.25
44,44,44.0
22,23,22.5
15,15,15.0
6,58,35.333333333333336
10,29,19.5
23,56,39.5
23,57,40.0
4,46,20.4
3,54,31.0
15,28,23.333333333333332
23,40,31.5
13,21,16.0
8,43,21.4
3,9,6.0
3,31,14.857142857142858
5,5,5.0
8,8,8.0
6,37,24.5
2,91,43.333333333333336
6,17,11.5
0,49,24.0
0,48,20.666666666666668
10,51,26.8
16,37,26.5
12,22,17.0
19,19,19.0
15,17,16.0
19,31,24.666666666666668
0,43,18.8
0,28,15.333333333333334
7,12,9.5
7,36,21.5
21,34,27.5
9,9,9.0
20,40,29.8
21,51,36.0
41,41,41.0
7,16,11.75
11,23,15.25
6,12,9.333333333333334
0,0,0
24,36,30.0
2,26,14.0
20,30,25.0
3,31,18.75
19,19,19.0
30,51,37.0
6,6,6.0
18,30,24.0
12,22,17.0
23,34,29.25
11,25,16.25
20,28,24.0
12,32,23.333333333333332
8,29,20.0
13,31,22.0
30,36,33.0
35,48,40.0
0,0,0
3,40,22.333333333333332
13,45,29.0
20,27,24.333333333333332
36,36,36.0
3,53,27.8
28,28,28.0
5,54,20.5
7,14,10.5
7,34,23.2
5,28,15.0
1,46,26.4
7,16,12.0
1,31,19.333333333333332
3,34,13.0
10,16,13.0
10,40,26.5
4,37,21.75
1,36,12.714285714285714
8,37,23.666666666666668
10,31,18.25
7,35,19.0
6,48,28.5
29,60,40.333333333333336
14,32,19.75
23,29,26.0
3,43,23.571428571428573
12,21,16.5
10,25,17.5
6,29,16.25
8,31,19.666666666666668
7,7,7.0
4,59,36.333333333333336
5,5,5.0
13,52,29.75
5,41,21.333333333333332
1,47,26.4
3,61,28.0
7,23,13.666666666666666
16,43,29.5
11,51,29.5
10,27,18.5
7,24,15.5
4,44,22.333333333333332
8,51,28.4
0,0,0
15,33,24.0
9,36,24.2
14,52,29.0
14,27,20.5
5,41,21.0
23,34,28.5
9,16,13.666666666666666
45,46,45.5
7,26,18.5
7,52,34.666666666666664
5,41,23.0
3,19,11.0
0,52,30.75
2,2,2.0
5,26,15.5
3,66,34.5
4,27,15.5
2,54,27.0
18,55,36.666666666666664
26,37,31.5
18,58,38.333333333333336
10,34,19.666666666666668
36,36,36.0
4,25,16.666666666666668
8,8,8.0
1,52,23.333333333333332
8,8,8.0
7,45,22.2
29,48,38.5
10,48,28.6
4,30,19.333333333333332
9,30,16.75
6,45,22.0
11,37,21.75
1,32,17.5
0,0,0
18,26,23.0
2,53,23.166666666666668
11,41,24.0
10,32,21.5
18,34,25.333333333333332
13,28,22.0
15,32,21.0
11,33,22.0
9,29,17.25
7,25,16.25
20,42,34.333333333333336
9,24,15.0
15,36,28.666666666666668
8,27,20.0
24,37,29.5
24,24,24.0
4,32,20.75
15,34,24.5
13,45,27.0
13,31,19.75
11,23,16.0
0,0,0
1,26,12.8
36,36,36.0
0,18,9.0
19,31,25.0
0,0,0
9,24,15.25
3,3,3.0
9,32,17.0
2,6,4.666666666666667
4,4,4.0
1,34,17.5
14,35,21.333333333333332
13,45,29.0
16,24,21.0
5,36,20.5
8,33,20.0
11,33,22.0
8,39,23.285714285714285
11,38,24.5
6,17,11.8
11,11,11.0
21,29,25.666666666666668
16,40,25.75
12,12,12.0
41,41,41.0
4,22,10.4
12,49,27.666666666666668
16,18,17.0
14,27,18.666666666666668
5,23,14.333333333333334
8,26,17.0
21,21,21.0
9,25,17.0
0,0,0
12,14,13.0
0,0,0.0
2,30,16.4
7,23,15.5
12,26,18.8
17,17,17.0
11,29,17.5
13,13,13.0
0,49,17.5
63,63,63.0
3,56,24.0
3,29,18.5
7,21,13.5
5,32,21.5
4,13,8.5
17,26,20.333333333333332
4,24,14.0
20,27,24.333333333333332
1,1,1.0
13,20,16.25
7,13,10.0
17,64,38.333333333333336
24,26,25.0
7,7,7.0
1,23,12.0
7,33,18.2
12,12,12.0
7,17,12.666666666666666
20,42,29.0
13,27,18.0
13,21,17.0
0,0,0
6,34,17.714285714285715
20,20,20.0
5,11,8.0
13,26,19.666666666666668
16,59,30.5
31,31,31.0
17,17,17.0
19,28,24.666666666666668
9,28,19.25
20,22,21.0
14,23,18.5
6,35,23.6
15,25,20.0
26,26,26.0
22,23,22.5
6,17,13.0
0,0,0
10,46,32.0
30,30,30.0
12,27,17.4
12,43,24.666666666666668
5,21,13.0
19,33,25.5
11,11,11.0
15,36,22.666666666666668
19,36,27.5
15,59,30.333333333333332
1,35,18.0
17,37,26.0
19,38,28.5
4,49,15.8
17,18,17.5
0,50,21.142857142857142
37,37,37.0
18,31,26.0
7,24,15.5
18,27,22.0
40,40,40.0
5,29,15.8
18,21,19.5
0,30,18.2
19,51,31.5
17,30,23.5
16,20,18.0
4,27,15.5
0,29,18.8
16,45,30.5
2,22,15.0
9,9,9.0
34,34,34.0
3,25,14.6
15,15,15.0
9,12,10.5
19,58,33.666666666666664
0,32,22.5
31,54,42.0
14,47,26.5
16,16,16.0
12,34,18.0
6,27,15.5
1,41,21.75
3,33,18.8
4,34,19.0
7,31,20.6
30,45,40.0
25,34,28.4
20,36,27.25
20,38,30.0
22,22,22.0
23,42,30.4
32,47,39.5
35,35,35.0
14,34,25.0
0,30,13.6
28,43,35.5
24,47,36.0
2,43,24.0
16,25,19.666666666666668
28,46,34.333333333333336
9,43,24.0
12,12,12.0
11,11,11.0
8,61,33.0
2,32,17.0
9,9,9.0
3,26,17.666666666666668
17,24,20.5
10,38,24.0
19,19,19.0
14,28,21.25
17,31,24.0
29,42,35.666666666666664
12,54,30.4
11,42,22.0
7,47,24.666666666666668
25,51,34.333333333333336
3,3,3.0
11,45,26.0
5,32,18.5
10,31,20.75
20,38,29.666666666666668
10,34,22.4
3,77,31.5
0,19,9.5
0,42,17.5
33,40,36.5
3,34,20.75
40,40,40.0
20,51,38.333333333333336
9,58,29.0
5,24,16.0
22,26,24.333333333333332
25,40,32.5
18,45,30.6
0,0,0
7,34,19.25
5,34,19.5
8,57,30.0
12,29,20.5
3,39,19.333333333333332
21,66,36.5
17,21,19.0
12,26,22.0
77,77,77.0
21,69,38.333333333333336
16,21,18.5
0,0,0
13,74,50.333333333333336
18,18,18.0
3,69,38.5
13,47,26.0
20,48,28.25
37,57,47.0
11,83,28.0
15,34,25.666666666666668
21,69,45.0
16,67,37.4
18,48,36.25
2,41,20.25
15,45,29.5
10,39,19.75
74,74,74.0
7,59,25.5
14,28,21.0
16,53,32.75
15,32,25.0
17,41,26.25
19,57,38.25
18,23,20.5
10,31,15.75
0,0,0
21,53,32.0
28,44,38.0
11,11,11.0
4,34,15.75
24,42,30.0
17,20,18.5
0,34,17.0
20,20,20.0
12,50,30.0
23,24,23.5
28,28,28.0
30,30,30.0
11,36,27.5
33,33,33.0
12,66,42.0
4,82,33.333333333333336
6,38,19.8
26,54,39.333333333333336
42,56,49.0
14,70,35.0
6,41,23.5
1,43,15.0
27,43,35.0
6,27,16.5
5,28,19.333333333333332
54,54,54.0
6,93,52.4
21,63,33.75
35,35,35.0
12,76,30.833333333333332
27,61,43.0
6,33,18.25
0,0,0
27,43,33.666666666666664
12,47,28.25
2,54,28.0
16,42,26.25
34,36,35.0
10,60,29.142857142857142
7,52,32.0
4,40,28.0
21,38,31.666666666666668
35,35,35.0
17,64,32.25
9,59,38.833333333333336
31,31,31.0
14,53,37.4
29,38,33.5
6,28,15.5
33,56,45.333333333333336
22,43,30.0
46,46,46.0
6,37,21.75
19,43,32.666666666666664
23,37,30.0
32,60,48.833333333333336
15,43,32.666666666666664
15,30,22.5
28,97,54.833333333333336
5,37,20.333333333333332
16,66,29.25
34,53,43.5
8,64,32.0
52,62,57.0
11,44,28.833333333333332
2,48,29.2
0,17,8.5
6,42,29.0
3,33,18.0
8,63,33.375
37,58,46.333333333333336
13,47,30.8
34,48,41.0
51,51,51.0
26,73,51.666666666666664
0,0,0
20,44,35.0
16,60,32.666666666666664
10,41,25.333333333333332
13,15,14.0
0,71,20.285714285714285
51,51,51.0
9,60,31.0
17,23,20.0
11,122,48.5
18,27,21.666666666666668
43,43,43.0
13,34,24.125
10,22,17.0
22,86,41.25
22,49,37.2
9,77,27.75
7,29,18.666666666666668
13,69,29.75
29,59,39.75
1,21,14.8
17,27,21.0
0,29,14.5
9,15,12.0
11,59,30.5
57,57,57.0
8,62,33.5
0,49,28.666666666666668
10,35,27.75
22,47,34.5
5,51,36.25
20,44,31.5
5,58,32.5
10,10,10.0
8,44,18.25
2,25,15.0
9,69,39.0
47,50,48.5
50,51,50.5
9,30,17.333333333333332
14,14,14.0
21,60,48.0
18,22,20.0
53,74,63.5
6,48,25.5
44,62,55.666666666666664
37,37,37.0
16,18,17.0
11,74,50.333333333333336
6,39,21.8
26,36,31.0
14,54,28.4
4,21,12.5
22,22,22.0
0,0,0
30,40,34.666666666666664
10,27,18.5
8,40,20.8
18,18,18.0
9,41,30.0
5,74,45.0
11,24,17.5
13,45,25.25
14,46,26.666666666666668
18,48,26.25
17,46,30.4
11,66,28.0
32,32,32.0
24,62,37.75
7,36,21.285714285714285
10,28,18.333333333333332
3,70,32.4
8,24,18.333333333333332
8,37,21.333333333333332
6,55,33.166666666666664
3,33,19.6
3,66,28.25
4,47,28.666666666666668
23,43,33.0
11,60,35.25
33,79,56.0
8,21,13.5
8,16,12.0
2,57,20.0
2,14,9.333333333333334
0,96,40.0
9,9,9.0
11,61,36.666666666666664
5,5,5.0
21,64,41.5
4,29,16.5
1,58,25.25
7,45,26.0
12,37,23.5
5,23,14.0
4,4,4.0
26,80,55.0
9,30,19.5
13,32,25.0
0,13,4.75
17,76,43.333333333333336
14,33,21.666666666666668
9,97,33.8
6,39,17.4
13,79,37.0
9,72,37.0
25,46,36.0
2,28,15.0
1,42,21.5
14,37,24.0
21,21,21.0
11,38,20.25
2,11,6.5
9,48,23.6
21,28,24.333333333333332
7,45,26.0
25,28,27.0
63,63,63.0
8,38,21.0
6,17,12.333333333333334
18,47,34.5
17,36,24.5
17,17,17.0
6,56,28.333333333333332
0,0,0
14,47,24.75
0,0,0
2,43,18.25
13,13,13.0
3,54,18.2
40,40,40.0
10,20,14.0
22,22,22.0
63,63,63.0
18,30,23.75
10,19,14.5
11,34,21.333333333333332
52,52,52.0
12,39,27.0
12,13,12.5
6,44,25.0
5,21,14.4
18,28,24.333333333333332
10,30,17.5
12,29,21.666666666666668
18,50,32.0
11,34,24.0
25,63,40.2
29,29,29.0
1,31,17.0
1,1,1.0
34,34,34.0
26,29,27.5
12,12,12.0
11,44,25.25
15,43,26.2
9,15,12.0
5,47,23.833333333333332
11,26,18.5
1,16,8.5
11,33,25.333333333333332
31,31,31.0
7,27,17.0
44,47,45.5
10,47,34.0
2,21,12.75
10,30,20.0
1,42,17.5
0,0,0
16,33,24.5
8,48,19.2
37,37,37.0
14,37,25.0
19,39,30.333333333333332
34,34,34.0
3,25,14.25
13,31,21.0
22,30,26.0
16,26,22.333333333333332
24,30,27.0
7,32,19.666666666666668
34,34,34.0
6,36,20.0
3,3,3.0
18,37,27.8
74,74,74.0
4,29,20.333333333333332
6,50,24.0
0,0,0
16,54,36.0
30,30,30.0
4,54,36.0
33,47,40.0
15,38,22.666666666666668
7,30,18.5
17,47,33.2
20,58,33.666666666666664
23,36,29.5
6,53,27.5
0,41,17.0
13,57,25.0
0,0,0
5,39,20.333333333333332
13,58,33.0
10,30,23.0
25,37,31.0
14,41,27.5
15,49,28.25
23,23,23.0
31,33,32.0
8,61,30.0
13,65,35.0
4,29,18.0
12,40,24.25
26,26,26.0
17,67,45.0
0,0,0
22,58,36.75
11,47,23.666666666666668
15,52,29.2
20,34,27.0
16,53,36.8
1,39,17.333333333333332
7,64,36.0
6,41,22.8
25,28,26.5
11,44,31.666666666666668
0,0,0
9,76,39.333333333333336
8,47,20.75
14,26,20.0
19,44,29.333333333333332
1,41,20.0
11,44,23.333333333333332
5,47,20.833333333333332
11,37,20.6
6,21,15.2
15,51,33.2
19,30,24.333333333333332
3,56,27.833333333333332
52,52,52.0
6,74,35.666666666666664
31,32,31.5
9,31,20.0
9,42,22.333333333333332
13,25,18.333333333333332
27,35,31.0
15,75,42.6
18,18,18.0
21,50,33.5
17,33,26.0
13,36,25.0
13,58,35.5
40,40,40.0
11,11,11.0
9,64,38.666666666666664
15,23,19.0
22,80,54.333333333333336
8,36,22.0
13,44,32.333333333333336
4,8,6.0
15,38,23.333333333333332
26,32,28.0
11,23,15.333333333333334
5,54,29.666666666666668
18,49,33.0
33,33,33.0
12,76,34.0
8,40,17.8
3,33,15.0
44,44,44.0
16,32,22.25
17,36,26.5
52,52,52.0
8,23,16.333333333333332
13,49,34.25
7,24,18.0
11,46,26.5
9,59,28.666666666666668
14,31,20.0
12,57,34.333333333333336
12,36,22.0
19,48,34.0
16,46,25.0
16,16,16.0
7,23,14.0
24,24,24.0
19,45,28.25
20,53,36.5
6,49,34.25
17,30,23.5
12,18,15.0
11,22,16.166666666666668
5,15,10.0
1,25,12.0
14,50,32.5
23,23,23.0
20,52,36.666666666666664
0,0,0
4,49,22.333333333333332
21,21,21.0
15,60,30.285714285714285
25,25,25.0
16,33,21.0
21,54,37.0
10,30,17.333333333333332
4,51,27.666666666666668
4,37,25.333333333333332
29,64,47.333333333333336
15,39,28.0
8,42,25.0
33,47,40.0
2,37,19.5
37,54,45.5
5,22,13.5
28,73,50.5
3,21,14.0
5,51,29.0
4,40,22.0
20,40,30.25
18,27,22.5
21,69,36.8
11,46,24.666666666666668
9,25,14.666666666666666
19,32,25.5
0,0,0
40,68,52.75
15,27,22.333333333333332
37,37,37.0
45,45,45.0
27,69,48.0
8,28,18.0
21,36,26.5
2,23,14.0
27,42,34.5
8,39,25.375
33,36,34.5
20,44,32.0
12,43,30.25
21,82,60.666666666666664
1,24,16.0
10,16,13.0
14,32,24.0
22,40,32.333333333333336
26,26,26.0
24,44,34.0
17,35,25.333333333333332
83,83,83.0
19,19,19.0
19,77,37.8
0,0,0
26,53,38.2
28,35,31.5
19,33,26.0
8,35,21.5
10,28,19.166666666666668
11,34,22.5
38,38,38.0
13,42,26.6
0,27,11.5
22,55,32.75
4,46,24.666666666666668
12,28,21.0
16,37,22.25
17,39,25.5
16,35,27.333333333333332
9,35,19.75
4,22,13.0
29,29,29.0
5,37,23.0
29,29,29.0
2,56,23.0
19,19,19.0
3,60,34.666666666666664
12,12,12.0
15,21,18.333333333333332
10,39,24.5
12,12,12.0
24,46,33.0
7,55,31.5
14,35,24.5
23,23,23.0
11,43,28.285714285714285
9,39,23.333333333333332
25,25,25.0
0,0,0
22,23,22.5
23,23,23.0
3,47,35.8
8,39,21.333333333333332
18,62,41.0
27,31,28.333333333333332
6,55,34.5
9,44,31.25
1,37,15.166666666666666
20,27,23.5
6,51,25.8
36,42,38.333333333333336
29,43,36.0
26,55,40.0
17,66,36.666666666666664
25,34,29.5
21,31,26.0
2,33,17.5
14,37,25.5
8,23,16.0
15,55,29.333333333333332
26,26,26.0
6,43,24.5
4,38,26.333333333333332
55,55,55.0
13,22,17.5
25,39,32.0
26,39,32.5
10,60,35.0
2,49,22.714285714285715
17,19,18.0
51,51,51.0
29,50,40.666666666666664
3,57,28.75
49,51,50.0
46,46,46.0
11,49,26.5
7,47,24.666666666666668
38,38,38.0
6,41,23.5
7,54,30.5
6,19,11.25
46,46,46.0
18,55,32.8
24,35,29.5
2,55,29.666666666666668
46,46,46.0
9,26,16.333333333333332
14,40,29.666666666666668
30,63,46.25
26,56,38.25
27,61,42.75
5,28,16.333333333333332
3,51,21.571428571428573
10,28,19.0
27,27,27.0
15,57,28.0
17,32,24.0
5,73,29.5
29,37,33.0
5,57,27.166666666666668
38,46,42.0
12,65,41.0
4,37,25.666666666666668
3,55,31.25
29,40,35.666666666666664
3,66,34.5
7,33,20.666666666666668
11,35,22.666666666666668
36,53,44.5
13,62,29.285714285714285
36,68,47.5
26,41,34.0
40,40,40.0
58,58,58.0
0,0,0
56,61,58.5
44,44,44.0
2,48,27.6
16,16,16.0
50,50,50.0
48,48,48.0
2,71,32.0
13,42,25.166666666666668
25,40,31.0
11,69,40.0
43,43,43.0
11,64,31.8
7,49,33.6
7,52,28.0
21,21,21.0
15,18,16.5
11,47,24.5
17,78,49.0
21,78,45.8
21,46,32.8
16,52,32.0
13,33,26.5
10,81,32.4
11,55,32.75
14,44,35.0
6,61,29.666666666666668
14,15,14.5
14,50,23.75
8,77,46.0
17,17,17.0
22,39,28.0
19,87,54.75
17,41,29.0
13,64,43.5
39,65,52.0
10,29,15.0
32,32,32.0
8,62,37.6
20,20,20.0
7,53,37.333333333333336
64,64,64.0
14,53,34.2
0,0,0
8,47,23.0
41,102,63.75
13,50,27.0
28,54,38.0
27,28,27.5
24,24,24.0
8,52,25.4
2,66,35.6
4,38,22.666666666666668
18,18,18.0
19,52,30.833333333333332
12,40,26.0
13,78,34.5
2,24,16.333333333333332
63,65,64.0
12,22,16.0
3,70,34.5
31,31,31.0
6,12,9.333333333333334
0,0,0
25,61,44.25
10,35,27.0
4,19,11.5
8,85,35.6
4,66,39.333333333333336
7,21,14.0
22,22,22.0
5,40,25.666666666666668
3,31,18.333333333333332
2,2,2.0
10,39,23.0
50,53,51.5
3,31,13.333333333333334
14,46,26.5
18,35,30.0
4,4,4.0
17,45,24.75
26,46,36.0
10,41,28.0
4,40,17.666666666666668
32,54,42.666666666666664
16,19,17.5
15,46,34.666666666666664
16,54,28.0
17,17,17.0
13,85,48.6
56,56,56.0
25,41,33.0
6,26,19.0
3,79,22.714285714285715
17,46,31.5
4,64,31.4
2,16,9.0
14,37,24.0
26,51,38.8
11,11,11.0
16,59,35.4
67,67,67.0
35,72,47.6
0,14,7.0
3,46,29.6
7,53,22.75
15,32,25.0
19,46,31.6
5,67,35.333333333333336
59,59,59.0
22,39,31.0
4,24,14.0
19,19,19.0
31,37,34.0
3,52,29.0
22,50,38.333333333333336
13,41,20.6
30,34,31.333333333333332
21,45,30.0
24,34,29.0
8,50,22.333333333333332
35,40,37.5
19,66,35.0
10,75,38.75
6,26,16.0
33,33,33.0
3,69,27.333333333333332
1,41,20.2
33,33,33.0
12,33,21.6
17,34,25.5
1,25,13.0
1,38,23.0
16,37,26.4
47,47,47.0
4,4,4.0
15,42,25.0
33,40,36.5
4,17,10.5
11,38,22.666666666666668
11,47,24.333333333333332
18,18,18.0
2,49,23.8
21,62,35.5
14,36,20.5
20,38,26.5
3,3,3.0
15,59,31.333333333333332
13,22,17.666666666666668
15,31,23.0
6,78,29.142857142857142
6,55,27.666666666666668
3,29,19.0
6,34,20.0
1,1,1.0
5,9,7.0
24,35,29.5
8,30,19.0
7,19,13.0
19,48,32.25
3,27,19.0
0,0,0.0
7,30,16.0
0,0,0
0,54,18.4
18,27,22.5
17,28,21.0
43,43,43.0
1,41,14.5
4,36,25.0
9,61,26.333333333333332
20,38,29.0
10,50,30.0
11,25,18.0
18,31,23.75
6,24,15.5
21,30,25.5
9,69,28.25
23,75,52.333333333333336
8,71,35.6
4,85,32.333333333333336
13,51,29.6
16,41,28.5
2,25,13.5
33,42,37.5
3,13,6.333333333333333
1,23,14.0
21,69,33.5
10,10,10.0
22,28,24.666666666666668
0,0,0
3,54,21.714285714285715
17,47,31.25
9,26,17.333333333333332
17,29,23.0
35,35,35.0
2,57,23.8
2,18,11.333333333333334
19,66,39.0
2,65,29.666666666666668
13,30,21.5
8,33,16.333333333333332
12,22,18.75
0,49,27.125
5,33,22.0
22,27,24.5
11,35,22.25
3,47,25.0
21,31,26.666666666666668
0,12,6.0
20,25,22.5
3,47,19.2
14,68,42.75
1,36,23.5
15,48,28.5
6,40,27.6
11,38,22.0
48,48,48.0
23,41,31.25
5,7,5.666666666666667
9,22,15.5
1,31,14.333333333333334
5,24,14.5
13,44,24.714285714285715
16,16,16.0
20,20,20.0
0,0,0
13,33,20.4
0,0,0.0
10,29,19.5
3,49,25.8
30,30,30.0
12,36,21.25
56,56,56.0
9,46,26.0
11,20,14.666666666666666
25,25,25.0
15,60,38.714285714285715
15,23,19.0
23,41,30.0
5,44,22.8
18,47,30.666666666666668
7,48,25.0
9,38,21.6
34,34,34.0
6,20,15.75
7,70,24.666666666666668
7,37,24.0
15,58,33.6
12,53,32.666666666666664
1,24,10.142857142857142
19,23,21.666666666666668
19,34,24.25
37,37,37.0
13,30,23.666666666666668
12,44,29.0
16,31,23.0
11,55,29.25
3,31,15.75
21,21,21.0
17,56,32.666666666666664
13,26,21.666666666666668
15,33,23.333333333333332
28,47,35.666666666666664
57,57,57.0
17,35,25.25
15,15,15.0
7,53,24.6
29,29,29.0
2,38,20.0
17,17,17.0
22,28,25.0
5,51,18.75
12,46,24.0
15,33,22.666666666666668
28,46,37.0
18,45,31.5
18,37,25.0
44,44,44.0
1,29,12.333333333333334
41,41,41.0
2,32,20.75
0,0,0.0
6,37,22.428571428571427
10,37,23.5
20,20,20.0
6,47,23.75
2,52,29.75
17,38,25.666666666666668
26,42,34.0
30,48,39.0
21,26,23.5
3,18,9.666666666666666
13,41,29.666666666666668
4,29,12.666666666666666
1,31,13.0
9,25,17.0
1,27,11.166666666666666
14,26,20.0
26,52,34.0
29,29,29.0
5,27,15.75
15,40,26.0
21,21,21.0
13,31,22.0
3,42,22.0
10,33,19.75
11,11,11.0
0,0,0
29,53,40.0
47,47,47.0
8,20,12.0
15,15,15.0
18,42,31.166666666666668
20,38,26.25
23,23,23.0
4,23,16.0
10,59,23.0
3,20,11.5
0,24,12.0
9,28,18.5
15,35,23.0
12,48,30.0
3,18,10.5
3,43,24.571428571428573
23,27,25.0
8,22,14.666666666666666
13,29,21.0
7,50,30.5
10,33,23.0
8,20,14.5
10,44,28.8
7,12,9.333333333333334
27,43,34.0
8,42,18.8
22,22,22.0
8,11,10.0
19,19,19.0
3,39,23.25
14,28,21.0
5,18,11.5
4,52,21.5
23,57,40.0
11,23,15.666666666666666
10,10,10.0
4,56,22.5
22,40,31.0
2,24,13.0
14,62,35.0
42,45,43.5
2,43,23.2
16,24,19.0
11,56,24.5
1,49,18.0
7,22,14.25
24,25,24.5
2,8,5.666666666666667
17,39,25.0
43,43,43.0
5,42,20.333333333333332
16,27,21.5
2,25,9.0
0,34,18.0
1,47,21.0
12,50,25.75
5,38,19.0
28,31,29.5
0,0,0
22,35,27.5
27,28,27.5
1,48,23.2
11,11,11.0
15,15,15.0
12,36,24.0
42,42,42.0
5,5,5.0
9,42,30.333333333333332
2,23,12.5
12,26,19.666666666666668
4,4,4.0
0,0,0
10,12,11.0
3,21,12.0
11,50,28.0
3,71,37.0
23,32,27.5
2,49,16.75
9,24,17.5
1,39,18.0
1,16,8.666666666666666
1,59,30.25
19,26,23.333333333333332
8,30,21.333333333333332
6,26,17.5
11,51,27.75
16,21,18.666666666666668
18,18,18.0
0,14,5.5
2,28,14.0
27,27,27.0
12,42,24.666666666666668
6,18,13.666666666666666
11,20,14.0
2,48,26.0
11,54,32.0
9,47,25.0
2,17,9.5
19,19,19.0
5,39,22.285714285714285
56,56,56.0
2,25,14.4
2,21,11.5
22,30,27.333333333333332
10,26,18.0
12,47,27.0
2,36,20.0
3,25,14.0
8,21,14.666666666666666
11,35,24.666666666666668
9,22,16.0
27,27,27.0
16,16,16.0
0,49,22.75
2,44,15.5
1,25,14.666666666666666
6,36,20.4
21,21,21.0
1,29,14.666666666666666
17,89,37.75
4,35,19.5
8,22,13.5
42,42,42.0
6,26,14.666666666666666
17,30,23.5
13,27,22.333333333333332
3,36,21.333333333333332
4,43,27.666666666666668
23,30,26.5
25,30,27.5
12,59,35.5
6,26,17.666666666666668
0,0,0
3,26,15.75
15,24,19.5
8,33,18.8
3,3,3.0
0,0,0
2,58,33.75
17,40,26.666666666666668
4,33,16.25
16,29,20.75
11,57,34.0
3,6,4.5
26,31,28.5
1,29,15.75
17,22,19.5
34,43,38.5
14,45,25.5
8,33,19.75
10,26,18.0
5,30,23.428571428571427
33,33,33.0
1,23,15.75
4,18,9.333333333333334
3,39,17.0
18,48,33.0
30,30,30.0
26,57,41.5
0,0,0
2,47,18.4
14,14,14.0
5,43,22.8
50,50,50.0
5,58,26.666666666666668
20,45,32.5
26,26,26.0
20,38,27.75
20,61,39.333333333333336
5,49,26.666666666666668
7,7,7.0
43,49,46.0
11,43,24.0
3,29,17.333333333333332
21,36,28.25
36,36,36.0
14,25,19.0
11,35,23.0
11,35,24.0
7,21,14.0
10,56,32.5
15,20,17.5
5,35,16.5
16,39,28.333333333333332
1,37,23.4
12,14,13.0
31,51,40.333333333333336
25,57,40.0
9,50,31.333333333333332
21,53,34.4
21,34,27.5
17,30,23.5
7,20,13.5
14,50,31.6
9,16,12.5
11,46,31.2
38,42,40.0
20,45,30.25
9,17,13.666666666666666
7,40,24.5
0,0,0
9,48,24.333333333333332
9,26,17.333333333333332
4,15,9.75
2,18,10.0
9,9,9.0
27,49,36.333333333333336
28,44,36.0
9,28,18.5
4,24,14.0
0,18,9.0
4,30,18.666666666666668
4,57,32.75
16,16,16.0
6,61,26.333333333333332
25,44,32.333333333333336
16,26,19.333333333333332
12,16,14.0
38,38,38.0
26,35,30.333333333333332
15,15,15.0
3,62,34.666666666666664
14,35,24.5
10,10,10.0
25,87,56.0
21,39,29.5
30,30,30.0
37,37,37.0
16,38,27.0
59,59,59.0
14,42,28.0
23,29,26.0
24,51,37.5
6,52,27.8
3,61,24.25
9,31,20.333333333333332
17,28,24.25
10,31,21.666666666666668
14,35,24.5
37,49,43.0
4,11,7.25
4,61,27.333333333333332
21,62,37.8
17,37,25.5
0,33,16.2
11,47,26.0
9,44,27.333333333333332
30,30,30.0
25,54,34.75
9,22,15.5
18,26,22.0
4,9,6.5
13,77,34.666666666666664
11,46,26.666666666666668
6,42,30.5
13,34,23.5
17,56,30.333333333333332
16,46,31.0
3,56,21.166666666666668
55,55,55.0
11,40,26.5
12,60,36.0
12,38,22.0
11,77,42.666666666666664
18,18,18.0
4,42,31.75
17,45,31.0
11,19,15.0
6,40,23.2
8,100,39.666666666666664
1,63,31.666666666666668
6,90,43.0
2,20,11.0
11,74,34.25
20,61,41.0
17,61,37.333333333333336
7,76,33.75
10,37,20.75
0,0,0
6,52,29.0
8,63,33.5
7,23,17.333333333333332
9,44,26.0
36,48,42.0
30,39,34.5
10,50,30.5
34,64,48.0
11,71,50.666666666666664
13,30,23.0
0,0,0.0
8,41,21.8
12,23,16.0
22,85,47.5
13,71,40.333333333333336
25,27,26.0
3,31,21.5
5,79,37.0
5,54,30.0
11,50,30.5
19,101,37.5
10,42,26.0
16,40,31.0
3,70,38.666666666666664
2,50,31.25
16,40,31.833333333333332
21,29,24.666666666666668
4,25,14.5
47,59,55.0
12,60,32.75
9,62,29.0
13,25,18.666666666666668
10,32,21.0
0,29,15.6
25,43,31.666666666666668
3,44,25.0
5,44,26.0
11,27,18.0
0,0,0
0,0,0
20,35,25.0
22,84,53.0
21,21,21.0
7,31,19.666666666666668
19,19,19.0
20,38,30.666666666666668
10,42,26.0
25,84,47.0
7,27,16.6
24,47,35.5
10,38,23.0
14,14,14.0
8,10,9.5
11,49,30.0
9,18,13.0
3,3,3.0
10,15,11.666666666666666
12,19,15.5
10,42,20.4
8,20,14.0
4,31,15.4
41,45,43.0
24,92,47.5
58,58,58.0
6,32,16.0
12,29,21.0
11,51,31.0
13,21,18.333333333333332
16,31,23.5
10,44,20.25
6,55,23.666666666666668
4,31,17.5
7,48,30.25
2,22,12.0
8,43,21.6
7,55,27.75
24,59,36.0
1,34,17.5
29,39,34.0
25,43,36.8
1,24,13.4
12,58,28.666666666666668
20,58,36.666666666666664
19,37,25.666666666666668
9,20,14.5
41,71,50.8
7,20,13.666666666666666
7,19,13.0
5,27,16.4
26,26,26.0
7,26,18.666666666666668
12,12,12.0
20,48,34.0
13,50,29.666666666666668
15,70,34.666666666666664
19,33,26.0
15,16,15.5
11,40,25.666666666666668
36,36,36.0
9,30,21.0
22,22,22.0
14,38,22.714285714285715
23,39,31.0
28,30,29.0
75,75,75.0
10,25,17.5
13,23,19.666666666666668
28,28,28.0
17,29,23.0
36,36,36.0
17,53,36.8
6,35,23.75
27,27,27.0
21,33,27.0
6,15,10.333333333333334
23,52,33.666666666666664
9,23,17.2
10,27,18.5
8,41,23.166666666666668
0,0,0
17,33,25.0
0,35,16.333333333333332
18,46,29.666666666666668
19,61,40.0
12,38,24.333333333333332
13,17,14.666666666666666
0,27,9.666666666666666
9,34,18.0
8,10,9.0
18,32,22.8
12,12,12.0
0,33,13.4
5,37,26.0
17,45,29.833333333333332
21,21,21.0
10,12,11.0
8,21,14.5
14,49,33.0
17,73,45.0
12,40,25.0
11,23,18.25
1,33,14.2
12,41,27.25
15,31,25.666666666666668
13,40,27.666666666666668
0,0,0
12,44,29.0
27,46,34.333333333333336
7,61,29.4
6,52,28.333333333333332
9,27,20.333333333333332
7,20,13.5
6,6,6.0
12,32,17.5
10,32,22.333333333333332
6,45,30.2
23,50,36.5
11,43,31.0
5,35,19.25
9,49,32.0
7,7,7.0
6,36,17.8
9,9,9.0
24,24,24.0
25,29,27.0
1,55,23.75
6,39,20.25
16,51,35.25
11,39,25.0
15,43,28.25
23,35,29.0
6,32,19.0
25,56,34.8
10,28,20.0
20,52,34.5
27,27,27.0
14,24,18.0
15,15,15.0
0,7,3.6666666666666665
10,29,21.25
15,52,31.333333333333332
8,36,21.5
5,27,13.0
0,41,19.333333333333332
13,35,22.6
18,23,20.5
11,26,17.75
2,14,7.25
32,32,32.0
6,47,26.5
18,18,18.0
2,10,6.75
15,57,42.333333333333336
11,11,11.0
32,41,37.0
25,25,25.0
1,21,12.0
6,6,6.0
2,44,19.333333333333332
10,42,26.0
6,60,26.2
6,56,26.25
36,36,36.0
1,8,4.5
10,57,30.25
16,16,16.0
10,29,19.5
3,3,3.0
2,44,19.0
6,8,7.0
5,46,22.571428571428573
19,50,30.333333333333332
1,22,10.333333333333334
8,22,14.0
18,18,18.0
32,48,40.0
5,33,14.666666666666666
10,16,12.666666666666666
15,44,33.333333333333336
0,45,24.714285714285715
31,49,40.0
12,26,19.0
2,43,19.333333333333332
18,18,18.0
11,48,28.285714285714285
21,37,28.75
16,38,27.75
7,24,15.5
2,51,18.5
5,41,21.8
6,47,21.333333333333332
3,39,23.75
11,52,31.5
4,44,19.5
18,18,18.0
8,16,13.0
0,19,12.0
13,41,26.333333333333332
15,26,19.75
22,30,26.0
6,50,30.4
11,30,23.5
0,21,10.333333333333334
8,31,19.5
18,30,24.0
8,52,26.666666666666668
20,52,32.25
22,57,42.0
8,48,33.5
15,41,27.75
28,52,37.666666666666664
15,71,38.666666666666664
2,36,19.0
9,30,21.75
0,13,6.75
12,46,29.0
13,27,20.0
15,42,30.666666666666668
14,14,14.0
17,27,22.0
0,0,0.0
9,33,22.75
0,0,0
24,57,40.5
0,0,0
12,16,14.0
32,61,43.333333333333336
11,33,25.0
7,39,24.333333333333332
24,24,24.0
2,35,18.2
10,52,30.75
21,31,25.666666666666668
2,19,8.666666666666666
23,34,28.5
31,31,31.0
0,29,16.666666666666668
11,11,11.0
9,27,15.333333333333334
15,42,26.333333333333332
15,52,30.8
3,13,8.75
6,20,13.0
18,18,18.0
7,71,41.666666666666664
9,31,21.666666666666668
1,26,13.333333333333334
33,58,43.0
8,22,15.333333333333334
0,0,0
16,33,26.2
2,93,38.75
4,15,8.5
1,26,13.5
20,30,23.666666666666668
0,0,0
8,45,26.75
7,29,18.0
4,29,20.0
12,54,36.75
9,21,16.0
3,27,15.0
12,37,20.666666666666668
24,25,24.5
12,43,22.8
14,14,14.0
3,34,18.25
31,37,34.0
25,27,26.0
2,40,23.666666666666668
7,38,25.6
14,14,14.0
6,38,18.6
10,21,15.5
17,29,22.5
7,11,9.0
18,36,27.0
11,30,21.0
9,20,14.5
22,26,24.0
3,29,16.0
4,53,24.333333333333332
10,73,34.25
0,45,25.25
33,33,33.0
2,23,10.8
0,39,19.0
2,50,13.166666666666666
11,53,21.75
36,36,36.0
17,26,21.5
27,44,34.0
11,37,24.0
4,40,24.2
17,36,27.25
5,49,33.333333333333336
8,57,29.0
14,31,22.5
6,48,26.666666666666668
1,63,25.0
17,24,20.5
18,54,35.0
8,29,20.0
1,39,18.666666666666668
19,36,25.75
12,32,25.333333333333332
40,48,44.0
1,33,17.0
4,48,32.666666666666664
3,68,27.6
8,17,11.666666666666666
1,1,1.0
3,47,20.4
54,58,56.0
2,55,26.333333333333332
0,28,13.75
7,50,30.8
0,0,0
12,59,35.5
6,58,27.666666666666668
0,0,0
0,22,11.0
3,14,8.5
4,44,17.666666666666668
12,12,12.0
21,21,21.0
6,52,29.0
3,47,18.333333333333332
19,19,19.0
0,55,21.833333333333332
0,0,0
8,42,29.0
39,39,39.0
10,12,11.0
8,8,8.0
11,45,28.0
1,23,12.0
2,6,4.0
10,37,24.4
0,0,0
6,39,16.0
23,23,23.0
6,6,6.0
5,42,25.0
15,53,34.0
4,23,13.25
12,20,16.0
2,23,12.666666666666666
2,21,11.6
5,46,24.166666666666668
3,28,13.333333333333334
10,10,10.0
10,31,20.5
7,10,8.5
5,21,13.25
7,36,16.833333333333332
5,29,17.0
10,38,20.0
24,24,24.0
40,40,40.0
6,22,13.25
10,23,15.666666666666666
0,0,0
9,34,21.5
0,15,7.5
4,7,5.5
9,23,13.2
11,24,17.5
8,24,16.0
39,39,39.0
15,25,20.0
3,5,3.6666666666666665
29,29,29.0
11,39,21.5
0,0,0
1,19,10.0
16,16,16.0
4,35,18.4
7,32,17.333333333333332
13,18,15.333333333333334
21,38,29.5
5,36,17.2
4,26,19.25
6,22,14.25
4,25,11.833333333333334
7,28,15.0
0,39,19.2
3,20,9.833333333333334
14,28,20.6
0,0,0
0,19,11.4
0,33,16.666666666666668
7,22,12.333333333333334
8,24,15.333333333333334
6,26,16.0
29,29,29.0
5,24,17.75
9,9,9.0
4,24,13.75
7,7,7.0
10,36,20.571428571428573
6,11,8.5
20,37,27.333333333333332
11,11,11.0
8,27,15.75
11,11,11.0
13,63,38.0
9,27,19.0
10,24,17.333333333333332
0,0,0
4,10,7.0
9,23,14.5
20,23,21.5
15,34,24.5
4,18,8.5
14,41,23.666666666666668
13,13,13.0
5,29,19.0
1,32,10.0
6,15,10.5
2,33,13.666666666666666
0,19,9.333333333333334
12,12,12.0
7,65,36.0
16,28,20.666666666666668
7,31,17.333333333333332
20,20,20.0
19,19,19.0
4,13,7.0
0,0,0
15,35,25.0
3,35,19.2
31,33,32.0
8,22,13.0
14,34,21.0
12,23,16.0
6,6,6.0
7,24,18.8
4,26,16.333333333333332
5,25,14.8
24,24,24.0
15,24,18.333333333333332
17,17,17.0
7,18,12.0
3,17,10.0
26,26,26.0
5,21,13.285714285714286
7,7,7.0
2,20,10.666666666666666
15,21,18.0
5,13,9.666666666666666
5,12,8.666666666666666
11,31,20.25
1,12,6.5
0,31,14.6
5,24,11.0
7,32,18.4
36,36,36.0
1,45,17.714285714285715
9,10,9.5
12,19,14.75
9,22,14.0
10,33,18.25
11,19,14.0
20,38,28.0
5,13,9.666666666666666
17,19,18.333333333333332
5,24,14.666666666666666
0,0,0
20,41,30.5
7,26,16.666666666666668
15,17,16.0
2,19,10.5
6,24,14.333333333333334
0,0,0
4,21,14.333333333333334
0,0,0
1,36,17.333333333333332
13,14,13.5
37,37,37.0
6,12,9.0
7,15,11.0
0,17,8.2
1,27,17.666666666666668
21,45,33.0
5,20,10.75
11,20,16.666666666666668
13,33,21.333333333333332
20,20,20.0
14,20,17.0
24,24,24.0
17,31,24.0
15,15,15.0
11,55,26.666666666666668
16,18,17.0
15,22,18.333333333333332
17,21,19.0
0,36,15.25
31,45,38.0
3,55,24.0
22,25,23.5
2,25,13.5
6,17,11.5
23,23,23.0
3,21,9.666666666666666
17,17,17.0
4,17,9.0
10,78,29.0
2,20,13.0
7,43,23.2
10,10,10.0
5,11,8.0
5,23,11.6
18,29,23.5
8,32,19.25
4,24,18.0
6,62,27.0
18,26,22.0
0,57,29.4
51,51,51.0
16,24,19.0
14,57,30.0
22,60,36.333333333333336
5,19,12.0
5,37,21.0
10,46,25.0
10,17,13.5
28,34,31.0
3,35,20.5
1,17,11.2
7,56,30.0
0,22,9.75
14,15,14.5
9,41,21.0
23,23,23.0
5,28,16.5
15,21,18.0
1,18,12.75
12,12,12.0
8,39,20.6
13,24,18.5
8,9,8.5
3,40,16.666666666666668
13,13,13.0
4,26,17.666666666666668
7,33,19.0
9,29,21.0
9,19,14.0
15,23,18.0
1,15,8.0
15,18,16.5
3,20,11.5
5,16,12.5
8,22,16.0
7,18,12.5
17,45,26.0
3,23,13.0
14,34,26.25
30,30,30.0
12,19,15.5
1,18,9.5
19,19,19.0
9,29,17.0
12,37,23.0
0,27,13.5
20,53,36.5
13,40,27.333333333333332
25,25,25.0
3,20,11.5
5,34,15.833333333333334
9,56,30.0
17,34,25.5
9,31,20.0
9,23,18.0
6,43,20.142857142857142
8,21,14.5
5,39,22.0
30,30,30.0
5,30,10.833333333333334
7,26,16.5
13,19,16.0
15,28,21.4
16,24,20.0
12,60,24.75
2,28,15.0
4,40,14.5
5,58,26.0
7,34,21.0
3,19,13.666666666666666
29,29,29.0
2,26,12.0
23,36,31.0
10,36,21.333333333333332
12,37,24.5
8,59,25.25
9,35,19.25
10,10,10.0
8,29,17.0
10,26,16.333333333333332
8,16,12.0
10,33,20.0
4,47,29.0
0,27,15.75
5,41,20.0
14,28,21.0
7,12,9.5
7,25,13.5
3,35,18.25
13,26,19.0
17,17,17.0
14,44,29.0
17,32,24.666666666666668
0,49,20.5
11,28,18.333333333333332
22,22,22.0
3,59,21.166666666666668
26,26,26.0
12,27,19.5
19,30,23.0
13,17,15.0
12,34,22.0
8,32,15.0
0,29,14.5
13,27,19.75
0,0,0
7,35,24.8
7,21,14.0
19,28,25.25
9,39,24.5
3,18,10.5
13,43,25.25
9,36,21.5
34,34,34.0
6,36,21.0
0,24,11.0
28,28,28.0
9,39,24.333333333333332
0,0,0
6,34,17.0
7,18,13.666666666666666
18,18,18.0
0,0,0
7,7,7.0
10,37,22.333333333333332
11,29,20.0
13,40,25.666666666666668
38,38,38.0
9,35,21.666666666666668
3,32,15.25
13,16,14.5
11,28,18.666666666666668
5,28,18.6
16,22,18.0
27,37,32.0
12,23,16.0
18,29,23.5
7,11,9.666666666666666
0,37,20.75
12,29,19.25
44,52,48.0
5,17,10.666666666666666
13,50,31.5
5,45,15.75
10,56,27.666666666666668
7,7,7.0
11,47,29.0
23,28,25.333333333333332
37,40,38.5
14,37,24.2
0,0,0
8,46,30.666666666666668
1,9,5.0
1,29,19.714285714285715
15,21,18.0
22,24,23.0
14,39,21.4
8,30,20.6
36,39,37.5
10,34,19.0
13,20,16.5
3,52,20.333333333333332
1,1,1.0
3,49,21.8
6,60,26.666666666666668
12,44,24.8
39,39,39.0
6,33,20.0
6,40,21.75
15,34,24.0
0,0,0
26,44,35.0
0,28,16.8
9,31,20.2
7,46,26.5
4,42,18.8
15,43,29.0
11,38,20.75
8,29,18.666666666666668
23,23,23.0
43,43,43.0
8,54,33.0
18,24,21.0
0,5,2.6666666666666665
7,8,7.5
23,23,23.0
9,48,23.75
9,9,9.0
11,51,27.333333333333332
23,23,23.0
15,54,31.0
23,42,30.0
14,25,18.333333333333332
19,46,29.333333333333332
34,34,34.0
17,22,19.0
16,31,23.75
4,28,14.666666666666666
5,13,10.0
14,38,25.25
4,27,17.4
3,34,18.5
4,36,17.25
14,28,21.0
3,22,15.0
51,51,51.0
8,21,14.5
3,16,9.333333333333334
9,26,16.666666666666668
26,39,31.5
0,31,15.5
27,27,27.0
13,18,15.5
24,34,29.0
4,13,8.5
0,0,0
0,0,0
21,30,25.5
2,40,17.333333333333332
18,42,30.0
9,27,18.25
26,26,26.0
11,11,11.0
7,19,13.0
37,51,44.0
18,19,18.666666666666668
10,24,16.0
10,23,16.5
6,45,21.75
4,20,14.333333333333334
3,33,21.0
17,65,35.666666666666664
1,54,24.5
45,45,45.0
3,44,24.428571428571427
20,20,20.0
3,56,33.285714285714285
0,0,0
7,29,19.25
19,52,33.333333333333336
18,48,34.0
6,29,19.666666666666668
32,41,37.0
11,35,20.166666666666668
24,48,36.0
9,29,18.833333333333332
17,37,26.666666666666668
15,37,23.6
3,29,15.0
23,48,35.5
12,16,14.333333333333334
10,36,23.0
5,37,17.0
38,38,38.0
5,40,22.5
4,4,4.0
21,35,29.666666666666668
13,69,37.75
4,43,27.571428571428573
21,40,30.5
19,44,33.25
3,40,22.0
13,44,32.333333333333336
9,21,15.5
8,32,20.0
23,23,23.0
10,50,27.666666666666668
4,39,23.6
15,41,25.333333333333332
4,14,9.0
8,42,22.333333333333332
0,27,14.25
4,60,31.666666666666668
6,57,22.142857142857142
6,6,6.0
15,34,23.666666666666668
13,38,25.666666666666668
2,43,21.8
7,20,15.0
16,43,28.666666666666668
13,37,24.125
12,40,26.0
0,25,14.666666666666666
25,43,33.25
9,31,21.333333333333332
29,29,29.0
9,55,32.0
4,16,10.666666666666666
9,33,19.0
52,52,52.0
9,26,19.75
14,28,21.0
6,41,20.714285714285715
10,10,10.0
7,25,16.0
9,9,9.0
2,37,20.333333333333332
20,30,25.0
2,29,18.666666666666668
0,42,25.333333333333332
12,29,19.75
19,42,30.5
40,40,40.0
8,57,35.4
26,26,26.0
20,32,25.333333333333332
3,3,3.0
27,39,33.0
36,36,36.0
8,45,28.0
0,0,0
19,34,26.5
14,20,17.0
4,25,13.0
2,6,4.0
12,43,25.0
44,45,44.5
8,29,15.666666666666666
1,37,21.0
9,9,9.0
15,48,31.5
19,34,27.75
1,39,17.5
8,30,22.333333333333332
22,40,31.333333333333332
17,24,19.666666666666668
10,53,29.5
12,77,41.333333333333336
1,81,38.0
1,75,27.5
7,18,12.5
9,51,25.0
12,83,36.0
16,30,23.0
4,4,4.0
0,47,23.5
15,42,26.5
9,21,15.0
0,0,0
15,41,28.75
9,41,25.0
8,35,21.5
11,31,21.333333333333332
10,31,20.75
6,23,14.0
0,31,15.5
6,39,16.5
38,38,38.0
15,42,27.666666666666668
3,21,11.0
5,32,19.75
13,39,25.25
10,37,20.2
21,33,27.0
0,29,14.5
0,0,0.0
4,43,28.571428571428573
4,36,20.0
6,15,10.5
5,36,21.0
6,74,27.333333333333332
11,44,23.5
20,20,20.0
13,33,19.75
23,33,28.333333333333332
7,21,14.0
7,35,24.333333333333332
3,44,18.666666666666668
23,23,23.0
25,63,41.0
0,0,0
8,23,13.333333333333334
6,52,31.333333333333332
22,49,36.333333333333336
26,38,31.666666666666668
17,42,28.0
0,0,0
18,18,18.0
12,49,22.0
18,19,18.5
42,42,42.0
2,23,11.4
10,33,18.6
26,43,36.333333333333336
15,48,31.5
64,64,64.0
18,43,28.333333333333332
3,25,14.0
1,48,25.833333333333332
8,8,8.0
17,26,21.666666666666668
16,30,22.333333333333332
15,15,15.0
6,79,32.8
2,29,15.5
7,7,7.0
7,25,16.0
0,0,0
4,31,23.5
22,22,22.0
3,28,14.25
8,23,15.5
7,8,7.5
21,48,33.0
23,44,32.666666666666664
0,0,0
11,50,35.666666666666664
18,18,18.0
4,13,8.5
12,21,16.5
10,30,20.5
6,10,8.0
5,20,12.5
16,46,26.666666666666668
13,40,24.0
11,17,13.333333333333334
9,33,23.75
14,21,17.5
28,28,28.0
10,54,31.0
9,39,27.5
10,46,24.2
38,38,38.0
8,17,11.666666666666666
11,36,26.0
1,33,17.666666666666668
6,19,11.0
6,24,15.0
8,56,27.75
20,20,20.0
19,48,31.2
13,48,33.5
2,2,2.0
9,33,20.0
25,38,31.5
18,30,23.666666666666668
18,28,23.0
24,27,25.5
24,27,25.5
16,22,18.666666666666668
23,43,31.0
3,61,29.833333333333332
3,18,11.666666666666666
12,22,17.75
11,36,20.142857142857142
26,36,31.0
8,32,20.8
29,29,29.0
15,54,29.375
2,25,13.5
18,52,35.666666666666664
14,55,34.333333333333336
13,13,13.0
18,24,21.0
36,36,36.0
5,5,5.0
14,66,38.0
0,52,18.0
13,13,13.0
17,33,23.5
0,0,0
33,42,38.666666666666664
45,45,45.0
6,58,33.0
18,39,27.0
5,47,26.4
24,38,32.666666666666664
4,43,24.666666666666668
17,25,21.333333333333332
13,35,25.0
23,25,24.0
18,24,20.25
12,50,29.0
15,36,27.8
34,43,38.5
33,38,35.0
4,35,19.0
13,41,23.75
16,16,16.0
13,48,30.0
12,21,16.5
24,49,33.333333333333336
27,27,27.0
3,28,16.6
19,19,19.0
18,28,21.75
6,24,15.0
13,13,13.0
7,41,26.5
4,15,10.0
11,55,26.4
5,10,6.25
24,38,29.0
6,31,18.5
14,44,28.6
15,19,17.0
23,39,32.333333333333336
22,34,28.0
9,33,20.0
20,49,34.5
18,34,27.0
5,34,19.5
0,0,0
4,16,10.0
0,41,20.25
22,22,22.0
28,49,39.666666666666664
4,4,4.0
9,38,22.333333333333332
0,0,0
3,73,35.25
14,14,14.0
0,34,17.0
12,23,17.5
23,42,32.5
28,28,28.0
44,59,49.666666666666664
17,49,30.0
0,0,0
9,17,12.333333333333334
34,53,42.5
6,62,23.333333333333332
12,33,22.25
10,51,25.75
8,36,26.333333333333332
22,40,31.25
15,17,16.0
12,53,34.666666666666664
52,52,52.0
9,30,18.857142857142858
0,30,15.75
0,45,25.25
13,45,33.75
41,41,41.0
6,46,21.333333333333332
3,35,18.0
2,61,20.8
27,44,35.0
40,44,42.0
11,42,27.25
8,52,25.4
19,19,19.0
6,49,22.0
12,62,28.333333333333332
28,61,42.333333333333336
56,56,56.0
14,57,36.0
55,55,55.0
0,25,16.75
13,69,29.75
0,46,27.8
13,29,22.333333333333332
23,39,31.0
4,52,23.5
18,33,25.5
22,22,22.0
1,37,19.0
14,56,38.0
6,58,24.0
27,27,27.0
14,33,21.666666666666668
27,38,32.5
12,27,21.333333333333332
19,42,32.0
14,21,17.5
2,34,18.666666666666668
6,42,30.25
39,39,39.0
6,39,23.333333333333332
19,30,25.25
36,54,44.666666666666664
3,29,10.6
0,0,0
21,42,34.5
16,40,30.166666666666668
27,30,28.5
11,52,31.2
10,87,43.666666666666664
2,24,16.0
4,30,22.75
25,31,28.0
28,48,37.0
7,51,26.8
14,30,22.666666666666668
7,30,15.333333333333334
17,17,17.0
5,38,23.666666666666668
9,38,28.0
13,31,22.0
16,45,31.0
19,19,19.0
17,19,18.0
19,19,19.0
36,56,46.0
31,57,44.0
7,25,13.5
10,53,31.0
7,26,17.6
11,11,11.0
7,47,30.6
6,33,17.666666666666668
0,0,0
9,54,23.0
9,33,20.666666666666668
50,55,53.0
13,17,15.0
8,36,26.0
27,27,27.0
5,37,19.0
22,59,35.5
6,47,32.5
14,39,23.25
23,44,33.5
17,81,43.666666666666664
0,36,15.0
9,23,16.333333333333332
10,72,34.666666666666664
6,82,39.333333333333336
36,36,36.0
28,28,28.0
36,44,40.0
22,39,31.333333333333332
12,45,30.75
15,28,19.25
15,58,35.333333333333336
25,79,46.666666666666664
12,20,16.0
7,30,18.5
0,0,0
14,31,24.5
11,11,11.0
36,36,36.0
25,50,35.666666666666664
21,26,23.75
13,64,35.666666666666664
14,48,30.5
20,29,25.0
16,42,27.5
1,38,15.333333333333334
24,33,27.333333333333332
0,0,0
22,55,38.5
28,44,36.0
14,87,35.5
31,43,37.666666666666664
16,60,27.5
7,37,22.0
17,46,32.0
32,32,32.0
21,53,36.5
26,54,40.0
12,33,24.6
0,0,0
10,60,31.857142857142858
34,34,34.0
0,62,27.333333333333332
13,35,26.0
8,70,24.4
18,18,18.0
34,45,39.5
3,33,19.0
20,22,21.0
1,36,24.333333333333332
21,52,32.0
40,62,49.666666666666664
20,24,22.0
21,42,34.25
5,42,24.5
1,50,28.2
14,39,25.5
16,47,31.5
14,51,32.6
2,78,30.666666666666668
15,69,38.25
21,45,33.0
27,32,30.0
2,46,26.5
22,45,31.25
10,36,25.0
0,52,19.0
17,46,32.5
0,81,37.75
12,31,23.4
12,53,37.666666666666664
37,60,48.5
4,68,34.0
7,75,30.666666666666668
18,41,28.666666666666668
14,27,20.5
11,37,29.75
35,54,44.5
2,37,19.5
25,47,37.0
12,43,30.0
29,45,37.0
14,29,23.666666666666668
47,47,47.0
0,0,0
2,68,31.0
19,48,33.5
6,35,21.6
2,89,41.8
19,65,40.0
37,54,45.5
16,68,42.75
2,25,15.0
10,91,45.5
24,67,39.666666666666664
19,96,46.6
14,27,21.333333333333332
15,33,26.0
18,47,32.5
8,40,28.666666666666668
4,60,42.0
44,44,44.0
31,32,31.5
8,39,23.5
40,40,40.0
41,69,55.0
38,64,51.0
11,58,36.2
78,78,78.0
2,42,23.25
4,15,8.333333333333334
3,14,8.5
55,55,55.0
17,63,37.8
8,63,37.0
12,36,19.5
25,65,51.333333333333336
8,88,34.333333333333336
0,0,0
30,36,33.0
5,82,43.5
23,42,31.0
6,56,30.666666666666668
15,35,24.333333333333332
27,76,46.666666666666664
24,48,39.0
0,42,23.0
5,52,32.333333333333336
15,28,22.333333333333332
3,43,23.0
16,53,32.5
38,64,50.666666666666664
7,62,35.4
11,29,22.333333333333332
64,64,64.0
12,32,24.333333333333332
14,45,29.2
31,31,31.0
25,39,34.0
6,24,15.0
0,0,0
4,30,15.25
11,82,38.666666666666664
6,38,19.666666666666668
47,65,56.0
57,57,57.0
12,75,41.6
23,64,48.0
18,32,24.0
7,70,32.333333333333336
24,58,37.666666666666664
23,32,27.333333333333332
3,38,22.8
5,52,28.5
16,73,32.375
12,22,17.0
14,71,37.833333333333336
0,29,10.25
9,37,21.75
3,8,5.333333333333333
66,66,66.0
0,53,28.6
27,27,27.0
58,58,58.0
12,100,44.0
31,59,42.5
7,82,35.333333333333336
30,78,46.2
15,58,37.0
8,32,16.0
25,32,28.5
10,46,27.75
24,62,43.0
27,53,39.5
16,76,54.75
11,72,38.75
3,47,28.0
16,41,27.0
14,39,27.0
8,8,8.0
14,30,21.0
45,45,45.0
9,49,33.166666666666664
4,15,9.5
2,31,16.5
28,41,34.25
0,28,20.0
29,56,42.5
10,37,22.0
16,47,27.0
14,47,29.4
6,52,29.0
11,41,26.6
21,100,60.5
16,46,31.333333333333332
9,54,25.333333333333332
10,59,37.2
14,14,14.0
7,29,16.5
32,55,44.0
12,44,30.0
17,26,21.5
16,141,60.666666666666664
8,22,12.0
17,32,23.25
13,72,31.8
2,47,24.666666666666668
12,60,36.0
13,132,54.6
15,52,31.428571428571427
20,47,37.0
20,77,35.6
20,20,20.0
8,50,21.8
16,37,25.333333333333332
16,63,43.333333333333336
5,14,10.666666666666666
15,103,53.0
21,49,31.75
14,38,26.666666666666668
12,41,25.25
28,28,28.0
16,50,28.333333333333332
34,38,36.0
25,25,25.0
47,62,54.5
12,29,20.5
14,43,29.0
0,36,17.5
33,62,47.5
15,15,15.0
4,36,23.333333333333332
11,24,17.5
18,50,35.333333333333336
4,24,14.0
15,33,24.0
13,28,20.5
14,49,28.5
8,18,14.5
18,18,18.0
15,61,30.5
14,28,21.0
38,38,38.0
6,31,17.5
14,42,27.5
14,38,25.0
1,84,40.75
31,45,36.333333333333336
29,34,31.5
51,51,51.0
2,47,24.5
6,29,14.4
12,24,19.333333333333332
12,21,17.333333333333332
3,40,20.4
2,21,12.75
6,46,23.2
19,30,24.5
9,38,20.75
15,69,34.333333333333336
35,35,35.0
4,35,17.8
0,17,7.0
14,41,25.8
38,38,38.0
3,35,18.25
28,41,34.5
14,16,15.0
42,42,42.0
13,27,19.666666666666668
7,7,7.0
4,19,11.333333333333334
21,35,27.333333333333332
11,53,27.4
20,47,33.5
1,34,19.333333333333332
18,46,33.333333333333336
20,41,27.666666666666668
2,43,14.5
8,59,24.75
15,20,17.666666666666668
12,73,36.25
19,43,29.666666666666668
13,22,17.5
25,35,30.0
13,68,36.666666666666664
0,0,0
1,21,10.666666666666666
1,25,14.333333333333334
20,20,20.0
23,59,40.666666666666664
21,28,24.0
21,51,34.0
7,7,7.0
12,24,18.0
18,18,18.0
23,23,23.0
24,51,39.0
20,20,20.0
22,37,29.5
4,35,19.666666666666668
7,44,24.666666666666668
3,57,30.0
9,68,34.0
5,36,19.75
3,57,31.0
26,28,27.0
12,41,24.2
11,32,24.333333333333332
7,7,7.0
1,63,21.75
29,55,42.0
16,21,18.5
2,57,26.333333333333332
10,53,33.0
14,39,26.5
28,50,38.0
21,56,37.0
14,14,14.0
22,28,24.666666666666668
24,24,24.0
14,26,20.0
6,11,8.5
33,35,34.0
7,22,15.25
5,42,20.666666666666668
10,21,15.4
22,27,24.666666666666668
0,42,15.6
13,29,19.0
7,40,24.8
15,15,15.0
26,40,33.0
13,32,22.5
3,30,19.0
3,46,28.25
34,44,39.0
2,34,22.333333333333332
20,47,33.5
14,33,22.0
12,25,16.75
27,27,27.0
4,31,19.25
7,14,11.333333333333334
27,27,27.0
20,50,32.666666666666664
13,31,19.666666666666668
29,46,37.666666666666664
13,66,31.0
5,19,12.333333333333334
11,33,24.0
22,23,22.5
16,41,30.25
0,0,0
2,32,19.4
13,14,13.5
12,54,33.666666666666664
21,21,21.0
18,18,18.0
17,29,21.333333333333332
11,11,11.0
2,33,20.666666666666668
19,34,26.5
9,29,17.666666666666668
21,45,29.0
13,35,27.0
7,54,25.833333333333332
4,32,21.333333333333332
11,34,22.5
19,25,22.0
5,31,18.0
14,43,26.25
7,39,23.333333333333332
13,43,28.0
10,44,26.0
21,57,33.0
0,16,7.666666666666667
38,38,38.0
18,120,45.4
28,31,29.5
14,35,22.666666666666668
11,39,22.75
14,19,16.5
4,43,22.666666666666668
33,38,35.333333333333336
22,53,38.333333333333336
0,45,17.666666666666668
8,83,36.666666666666664
6,59,32.857142857142854
0,0,0
23,29,26.333333333333332
20,39,27.666666666666668
11,42,24.6
4,51,31.25
26,31,28.5
2,55,23.333333333333332
8,34,21.0
10,30,21.666666666666668
11,46,24.666666666666668
31,35,33.0
13,48,32.333333333333336
7,48,23.0
39,39,39.0
3,49,23.6
18,18,18.0
12,42,31.333333333333332
2,9,5.5
7,33,17.666666666666668
9,53,29.0
26,51,36.666666666666664
30,31,30.5
15,15,15.0
8,45,22.428571428571427
3,48,23.75
19,37,28.0
2,24,16.8
0,33,16.5
29,29,29.0
4,66,30.142857142857142
9,29,17.666666666666668
27,39,32.75
23,54,34.0
31,31,31.0
12,44,29.666666666666668
24,34,29.0
17,49,31.0
29,34,32.0
9,40,18.2
0,0,0
13,13,13.0
44,44,44.0
17,52,30.0
11,16,13.5
18,67,43.0
15,52,29.0
17,26,20.666666666666668
12,12,12.0
21,45,29.333333333333332
30,64,44.4
13,66,39.5
5,65,24.4
26,41,33.5
9,38,26.333333333333332
15,37,23.333333333333332
8,38,23.25
21,46,33.5
10,41,26.0
7,19,13.0
17,32,24.5
11,41,26.0
8,28,16.666666666666668
16,16,16.0
7,92,34.75
6,34,19.25
11,47,27.285714285714285
21,48,34.5
14,29,18.5
8,26,20.75
65,78,71.5
6,16,9.5
22,22,22.0
1,41,19.25
23,37,30.0
5,27,16.333333333333332
20,65,42.5
0,0,0
35,36,35.5
9,40,21.333333333333332
10,37,27.0
0,0,0
4,31,22.0
45,45,45.0
17,21,19.0
25,58,38.8
9,53,31.0
8,34,20.714285714285715
23,27,25.0
1,1,1.0
2,32,18.4
22,22,22.0
36,52,41.333333333333336
14,38,26.0
20,43,31.5
61,61,61.0
3,33,23.166666666666668
13,13,13.0
27,72,40.5
6,17,11.5
30,81,50.333333333333336
12,54,27.4
16,21,18.2
9,14,11.666666666666666
16,45,31.0
16,46,25.0
2,34,14.666666666666666
18,31,24.666666666666668
7,35,21.0
16,33,26.333333333333332
3,23,13.0
0,0,0.0
5,40,24.0
14,14,14.0
13,68,34.166666666666664
4,24,14.0
11,72,37.57142857142857
28,68,48.0
7,54,32.5
37,55,46.0
7,39,26.666666666666668
14,53,35.75
27,36,31.0
22,41,31.5
5,70,32.5
30,64,47.0
19,32,26.333333333333332
16,43,26.6
22,56,39.0
14,38,27.333333333333332
41,48,44.5
14,43,30.285714285714285
19,75,42.333333333333336
13,49,25.2
21,42,33.666666666666664
8,55,30.8
11,40,25.5
11,30,18.75
37,37,37.0
9,41,24.125
22,22,22.0
25,66,45.75
25,48,33.666666666666664
25,78,51.5
5,36,22.666666666666668
2,70,41.6
10,39,24.0
1,56,33.833333333333336
14,78,36.0
5,36,20.5
1,20,8.666666666666666
4,53,22.666666666666668
18,39,28.5
18,59,38.5
22,46,34.0
31,46,38.5
10,66,30.4
8,53,32.666666666666664
15,30,22.5
0,52,20.8
1,41,24.0
6,17,11.666666666666666
28,28,28.0
15,31,24.25
35,59,47.0
6,43,22.0
5,40,26.0
48,48,48.0
14,60,36.285714285714285
12,37,25.25
13,37,25.666666666666668
36,36,36.0
6,39,20.428571428571427
19,25,22.0
1,69,35.0
2,32,17.0
7,42,25.5
3,45,22.666666666666668
13,60,27.75
24,72,37.2
23,80,45.0
5,35,20.0
1,1,1.0
19,31,26.666666666666668
9,61,30.8
1,44,19.8
9,41,28.0
5,43,28.333333333333332
13,43,24.4
14,44,24.5
19,62,40.5
14,55,36.4
14,15,14.5
28,52,36.0
2,26,14.0
19,58,38.5
10,40,25.0
0,93,24.0
17,56,35.0
18,25,21.333333333333332
14,34,24.333333333333332
26,36,31.0
0,47,20.25
36,36,36.0
8,51,34.0
20,58,33.8
42,42,42.0
14,46,30.4
14,69,40.25
0,0,0
5,33,18.0
5,49,30.75
15,49,28.4
11,66,37.4
37,47,42.0
16,30,22.333333333333332
28,57,43.75
16,28,23.0
20,55,38.0
12,25,18.5
1,44,17.833333333333332
19,19,19.0
31,71,51.0
34,53,41.0
1,42,23.25
23,23,23.0
21,52,34.25
4,37,16.428571428571427
2,24,13.333333333333334
17,50,28.75
0,0,0
14,62,40.6
26,26,26.0
22,22,22.0
4,34,22.333333333333332
17,22,19.0
38,42,40.333333333333336
0,42,16.0
14,58,30.0
5,56,33.0
4,43,23.5
37,37,37.0
1,31,20.0
31,31,31.0
21,29,25.0
5,51,24.0
0,28,14.0
50,61,55.5
36,36,36.0
17,40,31.0
18,57,37.0
0,53,20.5
10,25,20.2
32,36,34.0
6,26,16.0
8,59,20.6
6,49,24.75
32,32,32.0
5,56,22.0
12,81,37.5
20,66,33.4
28,28,28.0
42,100,68.0
57,57,57.0
22,72,38.6
7,29,21.75
19,19,19.0
4,30,18.0
10,10,10.0
0,50,25.5
22,59,35.0
2,32,18.0
39,39,39.0
3,55,26.0
5,44,24.833333333333332
17,35,23.5
35,66,52.0
15,18,16.5
3,49,24.0
5,57,26.5
12,29,20.5
30,32,31.0
27,40,33.5
5,47,17.4
6,29,20.666666666666668
2,11,5.0
9,31,20.75
7,55,29.0
1,68,34.75
26,62,44.0
32,40,35.666666666666664
20,34,27.0
6,42,21.0
11,56,33.5
20,75,36.25
43,43,43.0
11,48,26.333333333333332
16,42,29.0
4,49,16.5
18,42,26.666666666666668
27,56,43.666666666666664
5,37,26.333333333333332
32,57,44.5
13,46,26.8
20,82,51.0
10,60,32.0
19,21,20.0
3,49,21.5
35,35,35.0
6,16,11.0
6,45,19.333333333333332
7,54,32.4
3,17,11.5
20,46,31.666666666666668
23,40,31.5
11,38,22.333333333333332
33,33,33.0
12,45,28.5
9,53,25.666666666666668
20,45,32.5
8,18,13.0
10,21,15.5
15,47,34.0
14,50,30.5
13,60,35.25
66,66,66.0
12,67,39.0
4,10,8.0
21,21,21.0
0,0,0
8,39,23.5
67,67,67.0
23,43,33.0
7,72,27.0
0,0,0
4,17,11.75
30,46,35.5
28,34,31.666666666666668
4,53,21.333333333333332
13,13,13.0
11,19,15.0
7,59,35.2
10,33,20.4
5,42,23.0
11,48,23.666666666666668
15,57,30.0
58,58,58.0
7,33,22.0
8,10,9.0
45,71,55.833333333333336
9,44,26.5
20,20,20.0
14,20,18.25
20,40,30.0
15,54,30.666666666666668
12,42,22.25
12,28,20.0
16,62,37.833333333333336
0,0,0
20,22,21.0
16,23,19.5
2,73,30.666666666666668
14,64,41.0
27,27,27.0
44,44,44.0
17,59,32.75
15,28,19.75
33,33,33.0
27,30,28.5
5,67,32.666666666666664
8,31,20.833333333333332
28,67,47.5
0,76,28.666666666666668
23,23,23.0
19,88,40.6
7,63,38.0
20,44,28.666666666666668
11,32,20.333333333333332
9,26,15.333333333333334
12,26,19.0
7,41,26.666666666666668
15,61,32.333333333333336
7,26,17.2
16,85,38.0
1,26,15.666666666666666
12,74,35.333333333333336
0,0,0
9,80,44.5
14,31,21.666666666666668
15,36,22.5
10,34,23.333333333333332
1,53,27.0
20,59,33.333333333333336
16,43,30.5
13,52,26.333333333333332
14,37,25.5
64,64,64.0
21,27,23.0
23,60,38.4
4,58,24.4
13,71,35.666666666666664
43,43,43.0
8,40,24.142857142857142
19,45,32.0
15,31,23.25
14,47,35.666666666666664
8,64,29.666666666666668
22,46,35.333333333333336
41,50,45.5
14,33,23.666666666666668
19,57,37.5
23,23,23.0
19,64,41.5
8,47,25.5
19,33,27.0
33,52,42.5
44,89,55.6
9,14,11.5
3,53,26.0
20,28,24.0
16,47,33.0
14,17,15.5
11,62,39.333333333333336
14,96,54.666666666666664
15,75,50.0
25,72,48.5
16,38,27.6
0,0,0
0,43,21.5
31,37,34.0
5,38,23.75
34,55,44.5
10,43,26.5
7,39,26.2
4,69,36.5
12,55,31.25
11,56,38.0
17,83,33.4
28,55,39.75
3,46,23.75
11,40,25.5
5,28,20.5
30,43,36.5
36,59,47.5
9,53,38.5
12,78,29.25
33,33,33.0
18,67,40.25
58,58,58.0
16,73,37.333333333333336
28,28,28.0
5,63,24.8
25,35,30.0
0,35,15.25
25,45,32.5
7,26,20.428571428571427
19,65,44.8
29,53,39.333333333333336
2,84,38.0
20,21,20.5
40,51,45.5
20,45,32.5
7,46,28.5
10,44,27.0
51,80,65.5
11,52,21.5
13,74,44.333333333333336
9,75,51.25
18,51,31.5
35,52,44.333333333333336
1,42,18.75
25,42,32.25
10,21,15.5
15,45,26.75
6,6,6.0
39,46,42.5
9,79,38.25
37,38,37.5
57,57,57.0
7,21,14.0
17,49,33.0
10,83,42.0
27,37,32.0
0,0,0
16,43,26.25
41,90,65.5
20,55,35.75
27,27,27.0
6,71,37.75
2,28,15.0
3,35,15.666666666666666
8,22,15.0
8,31,17.0
11,11,11.0
10,71,30.5
0,0,0
22,62,41.333333333333336
4,28,17.714285714285715
47,48,47.5
7,48,21.666666666666668
24,48,39.666666666666664
11,11,11.0
8,43,21.333333333333332
11,39,21.0
16,79,38.666666666666664
10,33,23.4
7,31,21.333333333333332
11,78,40.25
1,42,21.0
13,37,25.333333333333332
12,63,30.25
18,80,38.8
0,0,0
4,72,38.25
1,44,16.333333333333332
4,49,25.8
3,11,7.0
11,44,22.0
21,93,49.5
9,39,26.666666666666668
6,33,18.6
4,38,21.0
9,61,26.2
8,61,28.5
1,26,14.5
4,29,16.5
17,57,34.333333333333336
10,30,20.0
6,20,13.0
2,45,17.0
27,27,27.0
12,68,30.5
26,26,26.0
14,47,30.5
8,53,26.0
51,66,58.5
5,24,15.5
14,29,23.0
23,23,23.0
17,33,24.666666666666668
38,38,38.0
11,56,37.333333333333336
3,54,22.25
0,0,0
11,51,25.8
5,92,48.5
3,58,30.5
8,26,15.25
6,6,6.0
5,29,17.0
7,56,25.666666666666668
43,65,54.0
0,0,0
13,43,28.0
9,56,23.8
14,56,35.333333333333336
5,41,22.0
7,44,21.333333333333332
5,23,16.0
0,28,14.333333333333334
12,20,14.666666666666666
14,14,14.0
32,63,47.5
14,31,21.666666666666668
15,25,20.0
4,64,35.5
14,26,20.0
2,37,19.333333333333332
3,34,18.333333333333332
16,28,21.75
30,42,37.0
22,27,24.5
23,43,33.0
10,24,16.0
10,22,14.0
8,40,24.0
5,28,17.333333333333332
14,58,36.0
11,39,26.25
7,38,18.333333333333332
18,49,28.4
3,35,15.0
36,36,36.0
13,25,19.25
11,34,21.0
38,44,40.666666666666664
0,0,0
20,27,24.0
22,46,34.0
62,62,62.0
16,28,22.0
3,50,24.0
4,32,16.0
0,0,0
10,40,21.2
11,41,26.0
11,42,26.5
9,34,21.5
8,53,33.25
13,22,17.5
2,24,15.0
10,49,28.0
2,37,21.333333333333332
20,71,45.5
19,37,28.0
11,21,15.333333333333334
16,34,25.0
17,17,17.0
11,54,36.6
4,19,13.0
16,48,32.5
6,36,26.0
9,33,21.0
14,28,20.5
7,34,19.5
22,22,22.0
0,37,14.0
0,51,17.75
10,25,17.5
8,18,12.25
6,61,20.333333333333332
0,49,26.0
5,66,29.375
10,56,35.333333333333336
5,36,21.25
27,43,35.0
38,38,38.0
2,39,14.5
7,39,23.0
9,43,26.25
14,60,32.0
9,9,9.0
13,48,26.0
2,28,15.75
18,22,20.0
2,32,17.0
12,12,12.0
12,49,33.0
16,19,17.5
3,47,24.166666666666668
14,31,22.5
13,31,22.0
10,23,15.666666666666666
17,58,37.5
2,48,21.8
8,47,32.666666666666664
7,23,15.0
0,22,14.0
17,38,27.5
10,36,20.166666666666668
34,34,34.0
9,33,19.714285714285715
14,14,14.0
1,64,17.0
23,51,34.0
3,38,15.6
18,40,25.333333333333332
1,20,10.5
9,33,21.0
10,20,14.666666666666666
21,22,21.5
16,30,23.5
41,41,41.0
6,44,26.25
8,15,11.0
31,31,31.0
19,19,19.0
19,30,23.666666666666668
0,21,10.5
2,36,16.8
26,36,30.333333333333332
9,25,16.25
21,55,31.25
10,31,20.5
0,48,28.333333333333332
6,25,15.166666666666666
10,23,16.5
0,44,18.166666666666668
23,31,27.0
34,34,34.0
9,37,23.333333333333332
2,28,18.333333333333332
12,26,20.0
14,14,14.0
1,75,27.666666666666668
11,28,18.0
6,6,6.0
9,11,10.0
11,41,23.2
6,10,8.0
8,20,14.0
15,30,23.4
0,0,0
5,50,25.8
25,25,25.0
13,48,25.0
12,40,29.333333333333332
27,27,27.0
35,40,37.5
3,3,3.0
8,29,17.25
16,23,19.0
7,29,14.333333333333334
17,29,23.0
16,32,23.333333333333332
15,17,16.0
0,20,8.5
15,18,16.5
9,27,16.0
0,0,0
9,51,23.666666666666668
3,19,14.75
11,24,16.0
6,6,6.0
29,44,34.666666666666664
4,23,16.0
13,29,22.333333333333332
40,40,40.0
8,10,9.0
9,9,9.0
15,15,15.0
9,54,24.333333333333332
14,14,14.0
1,37,19.6
32,32,32.0
9,9,9.0
9,59,25.75
1,30,12.666666666666666
8,19,12.333333333333334
0,19,9.5
15,47,31.0
0,6,2.3333333333333335
19,19,19.0
6,17,9.4
6,35,19.333333333333332
14,16,15.0
8,17,12.5
11,30,17.333333333333332
4,40,23.8
11,11,11.0
5,36,15.333333333333334
27,31,29.0
9,29,18.75
11,26,15.0
0,0,0
1,28,14.333333333333334
9,9,9.0
3,34,14.333333333333334
8,8,8.0
23,23,23.0
21,21,21.0
4,4,4.0
17,31,20.333333333333332
9,21,16.666666666666668
21,21,21.0
4,33,18.666666666666668
5,13,9.0
0,8,4.0
0,28,13.666666666666666
0,29,11.25
7,35,17.75
3,18,9.5
22,33,27.5
5,35,17.5
4,19,11.25
64,64,64.0
2,43,25.125
0,0,0
14,37,20.6
0,31,11.0
32,32,32.0
17,31,23.0
3,27,16.142857142857142
11,15,13.0
11,43,27.6
12,32,22.0
3,36,20.25
21,26,23.5
21,21,21.0
11,24,17.333333333333332
23,50,38.666666666666664
5,30,16.5
8,34,23.2
0,0,0
11,55,31.0
1,12,6.5
16,25,20.5
0,0,0
6,34,20.2
2,5,3.5
18,18,18.0
52,52,52.0
5,23,14.4
0,0,0
7,31,18.0
27,42,35.0
0,37,19.6
11,33,24.666666666666668
1,21,12.0
10,49,23.6
5,21,15.0
13,13,13.0
16,31,25.6
5,46,29.5
27,44,35.333333333333336
2,37,13.25
8,50,19.8
27,27,27.0
16,32,24.8
4,33,17.5
10,44,27.0
13,15,14.0
16,16,16.0
28,42,36.75
9,20,14.666666666666666
10,30,20.0
8,39,21.5
14,14,14.0
37,37,37.0
14,21,18.0
32,32,32.0
14,18,16.0
12,25,20.333333333333332
3,9,6.0
4,22,13.333333333333334
5,68,29.75
25,31,28.0
4,32,14.4
10,32,20.0
3,17,10.0
6,6,6.0
5,21,14.5
14,14,14.0
4,21,12.333333333333334
37,37,37.0
11,16,12.666666666666666
32,32,32.0
24,30,27.0
8,15,11.5
3,47,21.0
9,28,18.0
11,38,21.2
16,31,25.666666666666668
7,14,10.0
20,20,20.0
2,26,17.2
7,19,13.666666666666666
8,10,9.0
14,20,17.0
13,39,24.333333333333332
33,50,41.5
1,18,11.5
11,13,12.0
7,73,28.833333333333332
0,0,0
11,49,24.333333333333332
9,36,22.5
8,8,8.0
0,14,6.4
23,38,29.0
12,61,43.0
10,23,18.5
18,32,24.666666666666668
7,33,17.8
1,22,11.5
3,30,13.285714285714286
0,0,0
7,31,19.5
0,0,0
4,23,13.5
9,38,26.5
14,25,19.5
4,41,21.0
5,25,11.4
11,36,23.5
14,53,33.5
15,31,23.4
15,15,15.0
15,40,28.666666666666668
1,47,21.0
44,44,44.0
7,9,8.0
6,21,14.5
13,25,19.0
1,22,13.666666666666666
4,41,19.0
15,18,16.5
6,26,12.8
18,18,18.0
6,51,25.4
18,27,22.5
4,35,18.0
16,36,27.75
6,37,19.5
28,47,39.0
0,0,0
15,38,27.0
16,19,17.5
10,32,18.666666666666668
16,40,27.0
8,30,20.333333333333332
0,0,0
14,23,19.75
26,61,39.5
2,33,19.0
0,0,0
2,23,12.8
26,27,26.5
19,37,26.333333333333332
7,22,13.666666666666666
8,45,24.25
20,20,20.0
15,38,28.75
34,34,34.0
13,51,30.75
0,0,0
11,25,14.0
12,12,12.0
19,30,24.666666666666668
5,41,21.0
16,42,26.0
13,30,21.5
29,29,29.0
14,30,22.666666666666668
24,37,28.25
38,46,42.0
18,29,23.5
2,30,19.333333333333332
19,55,31.0
11,43,27.25
13,28,21.75
9,29,18.25
29,29,29.0
8,19,13.5
9,30,20.0
12,21,16.5
40,41,40.5
12,28,21.0
12,33,21.0
17,36,26.25
0,0,0
29,29,29.0
16,58,37.0
26,28,27.0
21,42,31.5
0,0,0.0
7,41,18.4
1,19,10.0
24,31,27.5
28,32,30.0
6,6,6.0
23,24,23.5
0,48,31.6
20,20,20.0
0,0,0
4,31,18.2
20,47,29.666666666666668
31,39,35.75
20,20,20.0
4,54,33.333333333333336
12,23,18.0
4,46,20.333333333333332
0,0,0
14,51,33.375
9,63,36.0
23,59,37.333333333333336
38,38,38.0
21,30,26.25
24,72,48.666666666666664
13,24,19.333333333333332
4,51,18.6
24,54,39.0
14,53,39.666666666666664
29,63,46.0
12,63,33.333333333333336
6,26,16.0
1,22,8.333333333333334
16,26,22.0
4,49,27.0
4,35,15.25
11,29,21.0
14,23,18.5
13,30,22.833333333333332
25,25,25.0
14,32,23.0
1,27,14.0
9,21,14.333333333333334
2,39,14.6
38,61,46.333333333333336
14,45,33.333333333333336
17,29,23.0
28,50,37.75
21,38,29.5
13,46,27.0
18,23,20.5
20,26,23.0
21,26,23.5
32,35,33.5
19,61,36.8
23,23,23.0
0,41,21.4
29,30,29.5
0,0,0
3,64,31.4
3,33,20.4
0,69,36.333333333333336
3,46,22.666666666666668
14,48,27.333333333333332
0,0,0
13,33,23.0
6,27,20.75
10,34,22.0
18,30,23.4
31,42,34.666666666666664
4,68,25.5
20,43,33.666666666666664
11,37,24.0
3,53,25.833333333333332
7,33,18.75
3,30,16.75
36,64,50.0
5,57,25.0
0,0,0
18,51,34.5
30,45,35.666666666666664
19,44,30.333333333333332
13,15,14.0
7,21,16.25
15,15,15.0
8,17,13.333333333333334
27,27,27.0
22,36,29.0
14,60,37.0
5,19,12.0
16,16,16.0
5,10,7.5
12,51,26.8
21,31,26.0
5,45,28.0
9,9,9.0
14,43,27.4
21,33,27.0
4,37,23.25
24,74,42.666666666666664
15,15,15.0
16,18,17.333333333333332
28,49,36.0
9,50,21.6
2,29,15.333333333333334
6,41,18.333333333333332
21,21,21.0
7,35,21.0
1,33,17.0
0,0,0
5,26,15.0
6,32,16.4
12,15,13.5
5,36,25.333333333333332
22,44,36.0
1,16,9.333333333333334
27,52,38.0
16,44,27.0
15,91,36.833333333333336
5,42,25.0
8,36,19.25
14,18,16.0
17,33,23.0
0,0,0
6,30,17.6
8,8,8.0
2,30,13.2
13,18,15.5
9,38,22.166666666666668
20,40,30.0
4,15,8.5
20,27,23.5
20,47,36.6
21,21,21.0
7,12,10.0
11,27,19.0
7,34,24.0
41,45,43.0
3,11,7.0
10,46,28.0
3,21,14.0
8,36,22.0
13,21,17.0
17,29,23.0
1,30,15.5
6,6,6.0
14,35,26.2
4,40,16.666666666666668
10,33,24.0
11,51,25.666666666666668
25,39,32.0
10,47,27.6
26,26,26.0
10,41,31.75
9,16,12.5
9,49,19.833333333333332
2,2,2.0
5,44,25.333333333333332
19,28,23.5
11,11,11.0
9,28,18.0
10,32,23.0
25,25,25.0
21,23,22.0
2,45,20.5
5,29,17.0
8,29,18.25
8,20,14.0
0,19,7.333333333333333
5,31,20.2
3,37,17.5
27,27,27.0
6,6,6.0
14,19,16.0
13,35,27.0
11,38,21.5
21,33,27.0
1,27,14.75
10,41,23.333333333333332
13,26,19.0
11,36,24.0
8,25,16.8
5,9,7.0
10,12,11.0
18,34,26.0
19,19,19.0
6,32,18.5
0,0,0
11,29,20.0
16,46,27.25
1,26,12.8
12,29,19.75
9,56,31.2
10,44,22.0
9,21,16.0
9,38,19.0
14,37,25.5
28,34,31.0
16,29,22.5
12,46,29.0
4,41,15.8
15,32,24.25
26,55,40.5
4,32,14.0
19,19,19.0
6,36,18.666666666666668
7,7,7.0
12,47,22.8
10,25,19.333333333333332
3,43,21.166666666666668
16,34,25.0
0,26,13.75
1,12,6.5
3,17,8.2
3,30,14.333333333333334
15,44,29.5
12,27,17.25
20,50,36.666666666666664
7,7,7.0
23,43,30.333333333333332
4,31,17.5
4,28,17.666666666666668
10,10,10.0
4,62,29.5
12,33,26.25
21,23,22.0
13,13,13.0
2,26,15.0
15,32,23.75
1,11,6.0
13,31,22.0
17,46,36.333333333333336
16,25,20.666666666666668
6,6,6.0
10,22,16.0
9,17,13.0
7,37,18.333333333333332
0,0,0
13,41,20.8
39,44,41.5
36,36,36.0
16,55,38.333333333333336
35,35,35.0
35,47,39.0
0,41,14.0
15,18,16.5
29,34,31.5
3,45,23.0
14,19,16.333333333333332
26,35,30.5
24,39,31.5
16,31,23.5
31,31,31.0
0,0,0
17,23,20.0
3,23,16.333333333333332
6,33,16.75
12,16,14.0
3,5,4.0
4,41,19.428571428571427
27,27,27.0
16,38,25.0
31,31,31.0
0,17,9.333333333333334
6,57,27.8
14,30,22.0
10,16,13.0
3,50,25.0
20,50,31.666666666666668
25,29,27.0
5,42,25.666666666666668
27,27,27.0
3,20,10.666666666666666
30,31,30.5
7,62,35.888888888888886
21,27,24.0
13,58,30.6
13,27,20.0
0,0,0.0
9,48,26.125
5,18,10.666666666666666
9,69,29.833333333333332
4,53,18.6
25,41,34.333333333333336
14,14,14.0
3,12,6.666666666666667
1,62,28.75
16,26,22.333333333333332
22,53,41.0
17,53,32.4
2,23,11.0
11,19,15.333333333333334
10,44,30.0
18,18,18.0
36,40,38.0
0,0,0
6,25,16.6
32,32,32.0
0,0,0
11,74,35.0
1,79,38.666666666666664
1,58,21.4
5,30,19.5
10,46,28.75
5,33,22.0
10,37,26.4
11,86,39.666666666666664
15,45,31.0
21,71,46.0
11,28,21.75
6,45,26.666666666666668
7,20,14.666666666666666
30,39,36.0
10,17,14.0
26,50,37.75
13,29,18.666666666666668
10,60,34.57142857142857
18,38,25.0
26,52,39.0
6,15,10.5
0,0,0
22,27,23.8
14,60,37.0
5,29,17.333333333333332
25,25,25.0
14,22,18.0
31,69,49.666666666666664
4,64,27.166666666666668
21,21,21.0
27,68,41.75
7,14,10.5
14,52,35.333333333333336
19,25,22.0
35,35,35.0
4,41,18.8
12,105,58.5
15,56,31.666666666666668
14,14,14.0
24,62,40.0
25,25,25.0
11,47,31.333333333333332
0,49,18.0
4,51,27.0
3,33,18.0
10,39,19.6
16,35,25.5
9,37,26.666666666666668
16,72,39.666666666666664
8,25,15.333333333333334
26,45,36.75
24,24,24.0
27,48,40.0
7,45,25.5
25,39,29.666666666666668
2,42,19.0
10,27,18.5
26,31,28.75
1,38,21.4
12,63,32.0
9,52,29.666666666666668
27,77,52.0
18,55,36.0
16,46,31.0
17,73,36.833333333333336
32,32,32.0
9,76,41.166666666666664
28,33,30.5
13,75,43.75
9,61,34.333333333333336
8,34,25.333333333333332
29,29,29.0
17,24,20.5
25,25,25.0
14,51,29.5
17,29,23.0
6,56,32.0
20,39,29.5
5,42,17.5
23,23,23.0
18,32,26.666666666666668
17,20,18.5
9,14,11.5
31,31,31.0
4,68,31.0
2,37,20.0
2,10,6.0
0,35,19.666666666666668
22,33,27.5
10,37,28.8
17,107,62.0
15,32,22.6
7,31,19.0
13,39,26.0
32,61,46.5
3,42,27.0
3,21,13.2
13,42,26.75
15,25,20.0
27,27,27.0
7,12,9.5
16,27,22.0
6,40,19.0
9,42,25.5
18,28,23.25
4,52,19.5
26,29,27.5
3,44,24.5
42,42,42.0
3,33,18.666666666666668
2,63,28.0
7,14,10.5
0,42,22.75
21,49,35.0
1,23,9.333333333333334
25,25,25.0
39,39,39.0
9,28,18.5
1,40,20.5
8,38,21.0
6,39,18.25
14,14,14.0
33,33,33.0
25,45,36.0
5,31,19.333333333333332
18,27,22.5
5,56,31.5
0,0,0
2,40,19.5
16,27,21.666666666666668
26,68,45.333333333333336
4,25,14.5
11,11,11.0
19,45,31.0
4,42,22.0
7,60,23.5
4,41,21.8
2,32,13.666666666666666
26,26,26.0
18,55,35.6
7,7,7.0
2,46,29.666666666666668
31,41,35.666666666666664
3,49,29.25
26,32,29.0
10,29,18.333333333333332
15,34,23.333333333333332
44,44,44.0
24,39,31.5
9,26,17.5
5,58,34.0
0,33,17.0
11,45,24.25
6,23,14.666666666666666
14,48,25.333333333333332
4,4,4.0
6,7,6.5
9,61,29.0
5,36,23.8
10,23,16.5
3,28,17.75
5,53,23.25
5,23,11.6
18,34,26.0
28,56,39.5
8,49,23.6
9,53,22.5
6,26,16.0
20,36,27.0
20,31,24.666666666666668
6,30,16.0
55,55,55.0
3,3,3.0
7,23,15.0
0,22,10.0
4,35,17.5
15,15,15.0
15,74,33.0
17,17,17.0
1,1,1.0
21,34,28.333333333333332
14,14,14.0
10,17,14.0
13,27,19.25
1,42,21.5
4,15,10.75
1,11,5.0
18,18,18.0
4,12,6.857142857142857
3,23,13.0
0,0,0
5,49,22.25
19,43,34.666666666666664
8,34,19.4
25,25,25.0
18,33,25.5
5,33,21.4
4,4,4.0
0,0,0
12,26,16.666666666666668
11,23,15.666666666666666
15,53,28.25
0,0,0
3,30,13.4
22,22,22.0
5,45,22.25
5,45,27.666666666666668
0,0,0
8,33,17.5
17,39,28.0
6,50,26.857142857142858
11,23,17.0
6,18,12.0
11,11,11.0
18,18,18.0
10,29,20.2
8,23,15.5
25,45,33.333333333333336
4,33,18.5
13,43,22.0
24,24,24.0
4,31,17.75
7,7,7.0
9,26,15.666666666666666
30,48,37.666666666666664
8,19,13.333333333333334
13,28,18.0
13,31,19.2
29,44,36.5
33,33,33.0
1,33,15.833333333333334
0,38,18.75
8,14,11.0
0,0,0
12,54,27.0
18,18,18.0
2,6,4.333333333333333
14,29,21.5
9,20,14.5
0,0,0
12,58,32.0
11,37,20.2
2,38,18.8
0,17,7.0
10,10,10.0
7,7,7.0
3,20,11.5
13,24,17.0
3,38,17.0
9,23,16.5
7,18,12.5
16,44,30.0
10,10,10.0
0,74,23.0
15,26,20.5
10,51,29.666666666666668
5,49,22.5
6,36,21.0
3,22,14.0
6,21,13.5
5,44,20.666666666666668
48,48,48.0
8,29,17.8
10,18,13.5
15,34,26.0
6,34,17.666666666666668
12,12,12.0
10,35,22.0
3,27,12.5
14,29,20.0
8,25,17.428571428571427
35,35,35.0
0,0,0
7,13,10.0
9,30,21.25
5,20,11.25
5,27,16.0
16,17,16.5
44,44,44.0
20,40,30.0
4,10,6.0
2,14,9.0
23,23,23.0
8,24,16.666666666666668
5,30,16.333333333333332
3,27,15.0
6,6,6.0
1,10,6.333333333333333
17,18,17.5
1,21,12.0
1,39,19.0
13,37,22.4
10,46,24.75
13,15,14.0
22,24,23.0
18,29,23.5
2,35,12.8
7,47,26.666666666666668
26,26,26.0
9,17,13.0
8,61,27.2
39,44,41.5
4,25,17.5
3,14,7.75
6,9,7.5
15,45,25.75
13,27,19.75
13,13,13.0
4,13,8.5
0,24,10.666666666666666
4,7,5.5
1,27,14.0
30,30,30.0
22,32,27.0
28,29,28.5
4,35,19.333333333333332
21,29,25.0
6,48,21.0
9,9,9.0
1,40,19.166666666666668
11,17,14.0
4,5,4.5
4,36,22.0
2,41,17.8
17,27,23.333333333333332
13,25,19.0
18,19,18.5
12,27,21.0
5,27,16.0
17,42,29.833333333333332
24,27,25.5
4,22,11.75
0,0,0
30,30,30.0
15,29,24.0
11,30,20.333333333333332
14,26,20.0
8,89,38.0
8,59,31.75
4,28,18.0
16,31,23.5
2,33,24.2
0,0,0
20,28,24.333333333333332
16,31,22.0
21,49,33.8
32,32,32.0
8,37,22.0
14,35,25.666666666666668
11,27,17.6
8,38,19.666666666666668
13,39,26.0
3,28,16.0
5,32,18.333333333333332
26,26,26.0
10,33,24.333333333333332
2,24,13.0
1,31,13.5
3,32,15.25
0,15,8.0
1,40,19.333333333333332
10,42,25.6
4,36,20.666666666666668
3,12,7.5
10,36,20.0
22,22,22.0
9,75,33.666666666666664
5,48,26.5
9,52,24.666666666666668
7,18,14.0
24,24,24.0
0,29,13.714285714285714
18,21,19.5
5,23,14.0
17,51,33.666666666666664
10,33,18.0
27,74,50.5
2,25,13.5
33,52,41.333333333333336
1,25,14.75
12,28,17.25
7,28,17.666666666666668
20,50,34.0
12,19,14.666666666666666
8,38,19.666666666666668
6,17,12.333333333333334
7,58,24.0
16,30,23.0
11,11,11.0
40,40,40.0
27,41,34.0
16,57,36.5
21,28,24.5
12,39,28.0
10,12,11.0
5,23,14.0
8,51,29.5
5,31,14.5
3,56,29.5
16,23,20.666666666666668
7,31,19.0
8,73,31.666666666666668
6,17,10.2
2,39,17.0
7,34,24.25
31,43,37.0
14,63,31.166666666666668
13,40,25.0
21,43,29.0
5,42,20.5
13,40,26.8
7,28,16.0
31,31,31.0
16,70,41.0
0,0,0
18,33,27.0
9,24,16.5
6,43,24.5
3,27,17.6
14,14,14.0
2,16,7.0
5,19,12.333333333333334
13,49,31.0
1,14,7.5
27,27,27.0
74,74,74.0
7,7,7.0
0,0,0
3,34,17.2
5,16,10.333333333333334
25,25,25.0
11,17,14.0
16,48,35.666666666666664
13,47,30.0
4,46,16.75
35,35,35.0
18,35,26.5
1,1,1.0
3,38,19.2
11,11,11.0
28,28,28.0
1,31,16.0
7,24,13.666666666666666
4,40,22.0
1,40,15.25
13,51,31.0
5,5,5.0
3,65,23.0
11,11,11.0
3,14,8.5
1,30,13.5
9,15,12.25
4,62,26.333333333333332
2,4,3.0
10,49,25.0
17,17,17.0
10,45,21.6
16,17,16.5
8,18,14.333333333333334
4,49,23.5
23,31,27.0
19,55,32.75
11,16,13.5
4,15,10.0
9,17,13.333333333333334
16,27,21.0
15,63,32.666666666666664
8,24,15.75
14,14,14.0
2,20,11.333333333333334
10,22,16.0
0,0,0
14,56,28.666666666666668
7,27,13.25
10,41,19.75
25,25,25.0
13,13,13.0
14,34,22.333333333333332
5,18,10.666666666666666
15,39,23.0
8,72,36.333333333333336
3,45,26.5
3,24,13.5
13,45,24.333333333333332
72,72,72.0
4,25,13.6
0,0,0
10,76,37.666666666666664
14,14,14.0
18,33,22.25
3,42,22.5
5,58,27.833333333333332
12,29,18.333333333333332
10,39,23.333333333333332
36,49,42.5
2,24,9.333333333333334
0,0,0
3,74,23.428571428571427
40,40,40.0
9,57,22.6
16,16,16.0
1,66,23.0
9,40,19.666666666666668
0,58,22.0
12,37,24.25
9,30,16.333333333333332
0,0,0
2,22,10.666666666666666
66,66,66.0
24,27,25.5
0,13,8.2
8,15,11.5
2,19,9.8
22,28,25.0
18,73,37.0
17,21,19.0
14,36,24.333333333333332
3,34,16.25
3,29,16.0
0,26,13.5
9,22,15.5
9,51,22.5
15,42,22.75
0,30,15.0
21,46,33.5
0,73,28.714285714285715
14,25,19.5
9,37,22.0
13,35,24.0
5,25,14.75
58,58,58.0
5,29,13.666666666666666
3,69,37.5
0,14,5.75
14,27,18.666666666666668
17,50,37.5
26,26,26.0
0,50,20.6
7,7,7.0
2,23,12.0
24,24,24.0
12,17,14.5
6,46,27.2
8,68,32.833333333333336
14,31,22.5
2,38,16.333333333333332
11,25,15.0
8,13,10.666666666666666
19,25,22.0
6,28,17.666666666666668
13,24,18.5
63,63,63.0
0,51,19.75
3,13,8.0
14,48,35.666666666666664
46,46,46.0
7,24,12.666666666666666
0,15,5.666666666666667
17,17,17.0
1,14,7.666666666666667
17,24,20.5
6,17,11.5
22,63,37.5
10,45,22.0
10,33,20.666666666666668
0,0,0
0,29,16.0
6,21,13.333333333333334
6,47,26.5
14,49,26.0
0,0,0
0,23,11.5
1,25,11.0
5,65,35.25
7,35,16.75
9,20,15.166666666666666
10,30,17.0
8,38,19.333333333333332
20,26,23.0
4,4,4.0
18,22,20.25
4,4,4.0
12,71,36.666666666666664
1,30,18.0
19,21,20.0
1,24,11.333333333333334
11,21,15.0
29,33,31.0
10,25,15.666666666666666
8,9,8.333333333333334
8,27,17.5
14,24,17.666666666666668
9,68,29.0
14,22,18.0
4,15,10.0
6,30,17.4
34,41,37.333333333333336
15,38,21.0
1,61,22.6
23,27,25.0
17,20,18.0
0,31,17.333333333333332
15,15,15.0
0,21,12.4
41,41,41.0
6,49,21.25
6,42,23.333333333333332
12,12,12.0
3,22,9.333333333333334
1,31,17.6
0,0,0
8,57,20.833333333333332
0,0,0
1,35,18.0
28,28,28.0
26,31,28.25
19,41,30.6
10,25,17.0
24,34,29.0
0,35,14.857142857142858
0,0,0
1,35,18.333333333333332
3,26,16.833333333333332
27,27,27.0
4,25,16.4
6,8,7.0
5,28,19.25
2,36,17.666666666666668
0,0,0
8,24,16.333333333333332
3,16,9.5
6,25,15.8
11,26,18.5
4,10,7.666666666666667
3,3,3.0
8,27,16.5
11,11,11.0
2,2,2.0
28,42,35.0
7,19,13.0
10,45,22.0
10,16,13.0
3,25,16.25
1,25,14.2
27,33,30.0
3,29,13.0
6,20,13.0
19,19,19.0
3,12,8.5
19,24,21.5
24,41,32.5
13,13,13.0
8,28,18.0
12,22,16.333333333333332
5,30,18.75
6,19,12.5
8,32,20.333333333333332
0,0,0
13,35,20.6
16,16,16.0
5,30,20.166666666666668
9,27,20.5
39,39,39.0
1,34,16.75
16,16,16.0
16,49,32.5
0,24,12.0
4,34,20.333333333333332
12,25,19.5
9,23,15.75
13,26,20.0
1,20,9.0
10,20,13.75
2,2,2.0
6,30,20.666666666666668
17,21,19.0
2,43,19.0
7,24,15.333333333333334
13,19,15.5
14,30,19.75
6,24,12.666666666666666
23,40,31.5
32,39,35.5
11,11,11.0
14,14,14.0
9,31,20.25
22,22,22.0
15,18,16.5
15,54,28.0
0,0,0
10,21,15.0
2,28,16.333333333333332
3,22,11.0
0,0,0
0,26,13.285714285714286
6,6,6.0
17,29,24.333333333333332
10,34,19.333333333333332
35,35,35.0
7,20,13.75
14,21,17.5
0,39,17.857142857142858
8,8,8.0
13,40,21.4
18,19,18.5
2,25,15.666666666666666
45,45,45.0
13,19,15.75
8,53,21.571428571428573
1,16,9.666666666666666
4,22,14.333333333333334
10,10,10.0
9,30,17.6
0,0,0
22,22,22.0
14,23,18.5
1,20,10.5
22,26,24.0
15,25,21.0
7,28,15.25
15,18,16.5
14,28,21.0
2,22,12.0
9,14,11.5
5,39,24.0
18,18,18.0
11,32,17.8
12,30,21.0
16,25,20.5
7,25,17.0
8,23,14.666666666666666
2,29,15.2
18,33,25.5
12,28,20.0
14,50,30.5
15,29,21.0
2,23,13.0
20,32,26.0
8,25,19.0
10,32,23.2
9,27,19.0
16,18,16.666666666666668
2,26,16.75
6,32,15.333333333333334
3,3,3.0
5,31,17.75
1,10,5.5
9,12,10.5
0,0,0
9,41,23.0
15,28,21.5
10,10,10.0
22,41,33.666666666666664
0,0,0
17,71,37.333333333333336
0,34,18.5
2,40,20.0
24,49,37.333333333333336
7,27,19.666666666666668
25,45,34.4
3,29,16.0
26,26,26.0
5,39,25.8
23,53,37.333333333333336
0,30,19.0
7,39,18.4
13,20,16.5
11,23,17.5
8,32,20.0
3,27,13.5
3,39,23.4
11,51,27.333333333333332
4,29,19.666666666666668
0,8,4.0
14,31,25.0
5,27,14.75
2,48,16.5
6,39,19.333333333333332
9,25,15.0
10,33,18.0
2,2,2.0
10,31,23.666666666666668
29,35,32.0
17,39,28.0
12,12,12.0
13,25,17.666666666666668
13,33,23.333333333333332
15,27,21.0
6,21,13.5
8,40,20.333333333333332
6,26,10.4
17,31,22.333333333333332
21,21,21.0
2,15,9.6
0,0,0.0
7,47,21.25
0,32,12.5
6,16,12.2
0,0,0
11,25,18.0
26,26,26.0
14,34,25.2
14,14,14.0
5,26,18.5
0,0,0
6,27,13.666666666666666
25,30,27.5
8,37,22.75
5,13,9.0
60,60,60.0
8,8,8.0
10,10,10.0
17,23,20.0
7,19,13.0
8,26,17.0
5,13,9.0
7,25,16.75
16,33,24.5
4,43,20.666666666666668
32,39,35.5
15,33,24.0
8,29,17.666666666666668
6,37,17.0
8,30,20.833333333333332
2,46,28.0
7,33,19.833333333333332
2,47,21.75
8,28,18.0
39,39,39.0
14,14,14.0
11,20,15.5
11,37,22.2
13,13,13.0
7,16,10.666666666666666
2,2,2.0
5,22,13.5
9,10,9.5
25,25,25.0
13,34,22.0
34,34,34.0
17,17,17.0
3,22,12.0
3,23,13.0
16,76,37.666666666666664
8,23,15.5
12,12,12.0
7,9,8.0
12,29,20.5
0,0,0
14,38,23.0
19,24,22.0
5,30,18.0
21,67,41.666666666666664
7,21,11.0
7,27,17.5
5,9,7.0
0,31,16.4
7,46,20.2
9,9,9.0
35,35,35.0
10,45,28.0
12,29,21.4
18,25,21.5
23,48,31.333333333333332
7,40,22.333333333333332
13,22,16.666666666666668
7,38,19.4
3,75,29.714285714285715
15,50,34.333333333333336
11,22,16.5
9,20,16.75
0,0,0
10,19,13.333333333333334
11,17,14.0
12,39,24.4
46,46,46.0
16,41,29.25
24,46,35.0
23,29,25.333333333333332
34,36,35.0
11,33,24.0
5,28,15.333333333333334
27,29,28.0
56,96,76.0
5,29,12.8
13,38,24.333333333333332
19,27,23.0
21,35,28.0
9,26,14.75
6,35,17.75
7,34,18.25
12,50,31.0
10,24,17.25
9,31,20.0
6,6,6.0
19,19,19.0
12,35,26.0
7,19,13.0
40,50,45.0
0,59,24.2
1,33,13.0
8,38,22.25
27,27,27.0
19,37,26.666666666666668
16,59,38.0
11,23,15.8
0,0,0
0,51,22.0
10,21,15.5
28,39,34.666666666666664
5,35,20.0
11,16,13.5
14,20,17.0
11,22,16.5
19,29,24.0
13,31,22.666666666666668
14,14,14.0
10,36,19.5
21,29,25.0
20,52,36.0
2,36,14.8
6,40,18.666666666666668
19,30,23.0
24,47,35.5
2,10,6.0
20,20,20.0
7,40,20.666666666666668
17,24,19.666666666666668
4,5,4.5
34,34,34.0
28,28,28.0
2,60,19.5
0,0,0
23,32,27.5
14,45,26.75
4,43,17.333333333333332
14,18,16.0
3,29,16.666666666666668
10,37,22.8
4,42,25.0
11,28,21.666666666666668
14,35,25.25
11,59,37.25
9,34,22.0
17,32,26.0
21,39,29.0
14,36,27.666666666666668
15,68,31.0
6,6,6.0
30,30,30.0
27,61,42.25
13,42,27.333333333333332
19,56,35.333333333333336
15,48,30.25
13,39,25.666666666666668
21,50,35.0
19,21,20.0
0,74,20.8
22,63,45.75
0,0,0
1,48,21.333333333333332
2,2,2.0
1,28,17.75
29,29,29.0
29,35,32.333333333333336
32,35,33.5
13,28,20.5
13,28,20.5
11,46,30.6
8,26,15.333333333333334
9,10,9.5
24,33,26.5
21,57,39.0
20,42,32.2
3,3,3.0
28,41,35.333333333333336
27,31,29.0
5,38,25.333333333333332
7,41,18.0
41,46,43.5
36,36,36.0
31,31,31.0
7,17,11.666666666666666
9,32,24.75
0,36,11.2
18,32,25.0
10,104,43.2
0,0,0
9,100,46.5
0,0,0
30,65,45.666666666666664
14,14,14.0
19,50,31.333333333333332
0,0,0.0
24,29,26.5
0,0,0
10,10,10.0
15,42,29.25
20,27,23.5
1,30,15.5
5,45,25.0
21,21,21.0
20,27,23.5
0,0,0
2,13,9.2
17,31,24.0
3,52,23.3
4,52,21.5
9,49,23.6
0,37,21.0
6,33,20.0
5,23,11.666666666666666
15,15,15.0
6,17,11.5
8,31,21.571428571428573
9,16,13.333333333333334
14,50,30.75
3,43,23.333333333333332
0,0,0
1,52,26.0
23,23,23.0
19,19,19.0
11,27,19.0
0,0,0
14,43,26.333333333333332
20,35,29.0
18,38,23.25
40,40,40.0
26,45,38.333333333333336
0,20,9.666666666666666
16,49,26.25
30,33,31.5
6,11,8.5
7,25,13.0
29,40,36.0
13,48,30.5
4,20,12.0
0,0,0
32,32,32.0
9,25,17.0
28,67,42.5
0,40,20.0
18,62,41.666666666666664
9,36,26.5
6,56,26.75
16,43,28.8
25,25,25.0
13,44,26.333333333333332
0,64,31.0
12,46,25.0
17,45,24.833333333333332
7,52,33.0
13,33,22.333333333333332
21,71,43.666666666666664
5,49,23.0
0,0,0
13,71,34.4
15,68,34.6
16,21,18.5
6,73,24.833333333333332
16,16,16.0
20,57,36.111111111111114
25,37,31.0
18,46,32.8
25,36,31.333333333333332
6,22,14.0
1,49,26.0
20,55,37.5
7,43,26.25
15,65,40.0
8,35,20.714285714285715
4,27,15.333333333333334
13,19,16.0
6,25,11.75
40,46,43.0
15,28,21.0
5,52,21.333333333333332
34,47,40.5
17,35,26.75
4,72,40.75
9,74,42.333333333333336
8,37,22.5
3,66,32.0
5,35,20.0
8,58,29.666666666666668
7,21,14.6
1,44,18.5
12,40,27.666666666666668
8,42,28.0
23,66,44.5
7,25,17.666666666666668
57,57,57.0
14,62,35.666666666666664
13,35,21.0
3,35,18.666666666666668
23,39,31.0
2,36,23.5
14,36,22.666666666666668
28,49,38.333333333333336
11,50,30.25
17,21,19.0
20,43,32.0
21,21,21.0
5,32,19.2
5,39,19.333333333333332
1,29,18.333333333333332
29,29,29.0
3,48,24.2
3,64,22.0
16,25,22.0
15,25,21.333333333333332
18,32,25.0
2,38,16.0
16,62,39.0
33,74,48.333333333333336
6,39,22.5
21,21,21.0
45,45,45.0
0,27,15.333333333333334
62,62,62.0
21,47,31.2
42,42,42.0
5,35,24.0
0,0,0
17,46,25.0
26,47,34.666666666666664
2,31,15.0
11,24,16.666666666666668
15,32,23.5
1,29,14.0
0,0,0
5,59,30.0
14,47,29.0
0,0,0
7,20,13.5
4,31,18.142857142857142
10,31,20.25
9,54,26.0
1,52,25.0
14,26,20.0
4,39,20.0
4,23,13.5
13,36,23.25
48,48,48.0
10,51,32.25
60,60,60.0
22,46,31.0
1,15,7.333333333333333
6,29,18.75
21,21,21.0
7,41,23.666666666666668
8,58,23.8
6,20,15.0
12,45,29.0
10,20,16.0
3,57,29.666666666666668
16,17,16.5
6,14,9.333333333333334
9,47,31.2
43,43,43.0
18,76,55.0
1,13,7.0
2,42,22.666666666666668
15,35,24.0
0,0,0
23,40,31.5
3,34,19.25
5,84,38.666666666666664
18,50,34.0
0,0,0
11,39,21.75
1,37,13.25
12,78,38.666666666666664
48,49,48.5
5,39,23.2
3,10,6.5
10,35,18.666666666666668
20,20,20.0
0,7,3.5
8,61,27.5
4,39,19.2
8,39,22.75
6,41,19.6
14,44,29.0
0,47,17.0
21,49,35.0
6,71,28.2
28,67,47.5
16,57,37.75
7,78,25.0
17,33,25.0
8,46,19.25
16,19,17.5
2,56,28.0
19,19,19.0
12,22,17.0
11,41,26.666666666666668
10,25,19.2
8,49,33.666666666666664
17,31,24.0
0,0,0
35,81,48.25
13,56,34.5
3,69,35.25
10,45,25.0
21,102,42.8
11,47,31.0
4,63,26.0
1,54,21.666666666666668
21,52,36.5
10,49,28.0
15,15,15.0
54,54,54.0
34,34,34.0
17,25,22.0
16,25,21.0
8,43,25.0
4,112,56.666666666666664
18,40,27.5
16,16,16.0
13,21,16.2
0,0,0
10,51,24.333333333333332
18,30,24.0
17,23,20.0
13,34,24.0
20,20,20.0
6,35,25.0
0,0,0
11,58,26.0
0,0,0
16,45,30.0
8,48,28.25
4,63,27.5
10,50,29.0
4,29,17.4
10,62,34.0
7,16,12.0
7,45,22.333333333333332
13,35,23.428571428571427
15,25,20.666666666666668
7,33,20.0
27,37,32.333333333333336
19,77,36.666666666666664
39,44,41.5
0,23,13.0
7,49,32.0
25,25,25.0
24,36,30.0
7,21,14.0
21,21,21.0
13,41,27.0
6,34,20.0
21,35,28.333333333333332
15,18,16.5
4,43,24.6
13,13,13.0
8,30,18.5
34,46,40.0
27,39,32.333333333333336
21,38,27.75
0,0,0
19,46,33.75
2,68,29.25
15,43,29.6
16,22,19.333333333333332
6,26,18.666666666666668
6,44,25.4
10,27,16.4
12,20,15.666666666666666
16,44,26.0
21,63,42.0
2,43,30.857142857142858
34,34,34.0
11,67,32.75
12,42,20.75
28,32,30.0
0,0,0
0,0,0
5,38,21.333333333333332
20,41,30.5
2,28,12.0
19,19,19.0
3,24,10.25
3,46,25.8
20,34,27.0
6,10,7.666666666666667
12,12,12.0
7,71,33.833333333333336
10,28,18.25
13,13,13.0
17,36,25.666666666666668
0,40,21.0
37,37,37.0
8,48,30.333333333333332
14,19,16.0
49,86,67.5
17,35,26.666666666666668
15,23,18.333333333333332
4,39,22.0
17,22,19.5
18,33,25.5
13,40,25.25
20,20,20.0
14,52,25.2
46,49,47.5
16,37,28.4
20,59,42.0
6,35,17.666666666666668
9,14,11.5
36,36,36.0
19,31,25.0
9,45,23.714285714285715
1,38,19.5
12,36,24.2
13,35,27.2
15,55,31.0
13,62,30.666666666666668
11,13,12.0
8,59,37.0
20,47,30.333333333333332
18,34,26.0
14,58,33.0
19,56,35.333333333333336
1,71,31.0
17,55,29.5
33,35,34.0
15,33,22.666666666666668
20,34,27.0
16,52,30.666666666666668
12,21,16.666666666666668
8,16,12.0
17,27,22.0
33,33,33.0
10,40,25.0
7,20,13.5
9,28,18.5
17,26,21.5
5,25,15.5
9,39,22.285714285714285
13,57,33.0
17,25,21.0
4,49,23.6
25,58,36.666666666666664
4,26,13.2
21,21,21.0
13,29,21.0
5,35,20.833333333333332
2,27,14.5
0,81,28.6
5,34,19.25
11,56,27.666666666666668
0,0,0
13,30,21.5
29,29,29.0
14,39,24.25
9,9,9.0
19,85,43.4
20,33,25.0
17,28,23.6
7,27,17.0
16,37,27.666666666666668
7,39,19.333333333333332
4,28,18.333333333333332
10,36,23.666666666666668
11,20,15.5
26,46,34.0
25,25,25.0
18,40,25.333333333333332
24,28,26.0
6,46,26.0
14,46,28.0
20,69,45.333333333333336
8,36,22.0
29,49,38.333333333333336
8,46,22.0
20,53,33.0
12,72,37.333333333333336
17,32,26.5
39,40,39.5
9,26,16.0
12,53,28.666666666666668
0,0,0
3,58,25.6
17,33,27.0
2,44,25.333333333333332
6,8,7.0
28,63,40.8
29,29,29.0
6,36,27.5
27,27,27.0
15,38,24.5
20,38,29.75
3,23,11.5
17,25,21.0
3,34,22.75
5,41,23.0
9,28,19.5
23,37,30.0
7,68,38.75
14,35,23.5
19,36,27.333333333333332
7,36,18.0
7,46,30.25
38,56,47.0
1,37,23.0
31,31,31.0
2,20,8.666666666666666
17,47,33.75
12,14,13.0
30,43,36.5
14,25,19.5
6,26,19.0
7,27,16.5
16,22,19.0
4,29,12.75
9,35,17.166666666666668
7,24,15.25
22,40,33.333333333333336
18,18,18.0
10,28,20.333333333333332
9,27,18.6
2,28,14.5
0,0,0
4,37,25.0
5,11,7.333333333333333
8,8,8.0
6,6,6.0
7,10,8.5
21,23,22.0
6,33,17.75
37,37,37.0
5,26,12.4
1,14,7.5
3,31,18.0
0,45,24.0
2,21,11.5
14,15,14.5
10,25,17.666666666666668
2,2,2.0
21,51,34.0
0,0,0
6,38,26.0
5,17,11.0
13,38,22.0
9,37,19.25
0,0,0
19,29,22.75
11,61,38.0
11,46,28.5
5,54,19.25
4,41,20.5
0,36,13.0
0,36,23.2
6,9,7.5
10,40,29.5
7,38,19.666666666666668
6,56,20.375
16,16,16.0
6,62,23.75
25,52,39.25
3,49,24.333333333333332
22,33,26.0
12,22,16.333333333333332
4,33,18.6
8,23,15.5
5,55,30.0
3,51,24.0
18,68,36.0
63,63,63.0
12,43,25.2
27,27,27.0
6,46,24.333333333333332
32,53,42.5
6,33,18.5
17,24,19.666666666666668
2,62,32.0
15,44,24.5
35,35,35.0
8,47,23.2
9,44,19.75
16,17,16.5
3,34,20.333333333333332
16,18,16.666666666666668
2,16,12.25
23,23,23.0
10,31,20.5
7,35,24.2
59,59,59.0
8,77,35.666666666666664
6,21,13.5
2,12,8.666666666666666
15,25,19.0
26,26,26.0
15,17,16.0
3,3,3.0
0,0,0
0,41,15.0
15,42,30.0
15,25,20.0
3,95,29.75
5,30,17.5
50,50,50.0
26,44,36.333333333333336
22,24,23.0
9,48,28.0
6,41,25.0
10,39,22.25
10,10,10.0
5,46,19.0
5,16,10.0
3,36,15.333333333333334
6,72,29.75
17,26,21.5
6,21,13.75
12,40,23.0
0,30,11.5
7,45,26.666666666666668
1,69,29.4
14,34,24.0
8,35,21.5
7,26,19.333333333333332
13,51,27.5
8,32,20.0
14,28,19.5
5,56,21.25
6,58,27.6
12,28,22.2
4,21,9.5
3,13,7.2
14,50,32.0
8,34,17.333333333333332
5,42,22.0
4,44,25.25
12,44,23.25
1,30,19.5
2,50,20.5
15,24,19.0
14,15,14.666666666666666
11,22,17.0
28,49,38.5
11,44,29.666666666666668
19,56,34.25
4,21,12.5
26,59,37.333333333333336
19,29,24.0
7,24,13.75
2,24,13.0
28,43,35.5
4,8,6.0
8,47,28.285714285714285
25,39,32.0
9,21,15.0
5,36,17.666666666666668
21,21,21.0
4,27,16.0
0,67,27.0
10,30,20.0
8,52,31.333333333333332
8,29,17.5
27,47,37.0
4,44,22.2
1,8,4.5
3,27,13.333333333333334
8,39,21.0
8,22,15.0
10,44,26.0
0,0,0
5,35,18.0
7,28,14.666666666666666
21,21,21.0
35,38,36.5
39,39,39.0
21,36,28.333333333333332
3,21,9.333333333333334
13,13,13.0
5,37,17.8
10,30,21.0
0,0,0
7,14,9.666666666666666
4,30,20.0
0,46,18.666666666666668
6,38,26.0
17,56,30.0
29,29,29.0
11,46,26.666666666666668
7,29,19.6
9,9,9.0
9,32,19.5
11,20,15.5
9,21,15.0
5,37,20.333333333333332
10,28,19.0
14,54,34.0
13,24,18.5
29,51,40.0
4,23,15.0
0,0,0
12,18,15.333333333333334
3,45,24.0
19,30,23.333333333333332
16,33,22.0
10,32,19.666666666666668
4,22,14.0
6,37,23.25
15,23,18.0
0,33,14.5
14,20,16.333333333333332
0,0,0
19,26,22.5
3,32,18.333333333333332
3,47,23.8
0,21,8.333333333333334
12,26,20.333333333333332
1,17,9.0
27,27,27.0
3,20,10.666666666666666
4,4,4.0
1,43,15.428571428571429
28,28,28.0
10,36,22.0
1,27,14.0
0,0,0
4,29,17.0
27,29,28.0
3,19,9.333333333333334
23,46,33.666666666666664
7,27,17.0
17,40,25.5
22,50,36.0
22,22,22.0
5,64,26.75
2,2,2.0
2,44,25.428571428571427
23,23,23.0
7,43,19.666666666666668
4,4,4.0
33,42,37.666666666666664
0,0,0
16,34,25.0
3,53,21.5
19,19,19.0
6,51,21.5
23,58,33.5
49,52,50.5
18,27,21.25
12,54,38.666666666666664
3,30,12.666666666666666
10,24,17.0
1,40,20.0
3,48,31.0
16,21,18.5
15,42,28.5
23,71,38.0
8,38,23.0
4,24,14.0
14,30,22.0
4,40,15.25
32,49,38.333333333333336
16,69,43.5
9,11,10.0
0,0,0
5,33,21.714285714285715
47,56,51.5
40,84,62.0
8,44,26.428571428571427
6,17,11.5
1,55,24.333333333333332
5,5,5.0
11,19,15.0
17,25,21.666666666666668
1,64,32.5
7,49,22.333333333333332
7,21,14.0
22,80,38.5
29,29,29.0
27,48,35.0
1,87,39.0
8,60,26.666666666666668
6,64,23.4
7,29,18.25
22,42,32.0
2,42,25.0
2,2,2.0
10,30,20.0
17,50,35.0
2,75,29.8
16,16,16.0
23,25,24.0
30,43,36.5
10,24,16.75
2,3,2.5
22,22,22.0
12,20,17.5
23,23,23.0
1,18,9.4
0,41,21.666666666666668
0,0,0
4,38,21.75
6,59,21.0
16,41,27.0
10,22,14.0
5,30,17.0
7,32,20.4
12,31,23.25
8,34,17.666666666666668
0,0,0
10,39,22.0
35,75,55.0
6,33,19.5
0,0,0
7,33,22.4
33,61,43.333333333333336
22,63,36.8
2,11,6.5
14,47,30.666666666666668
3,56,17.25
11,16,13.5
7,45,26.0
33,37,35.0
0,0,0
12,31,20.833333333333332
17,35,28.0
4,25,12.166666666666666
11,28,18.666666666666668
25,46,34.0
1,30,14.4
4,4,4.0
0,0,0
12,28,18.625
18,24,21.0
5,17,9.666666666666666
33,33,33.0
0,53,28.666666666666668
8,30,16.666666666666668
0,0,0
6,15,10.0
10,45,27.5
16,38,28.25
6,52,21.5
5,36,20.5
0,0,0
28,38,33.0
35,50,41.5
17,17,17.0
6,23,13.0
10,22,16.0
2,65,17.166666666666668
18,30,23.5
18,43,26.5
0,0,0
3,9,6.666666666666667
1,50,22.333333333333332
16,16,16.0
9,49,30.5
2,22,8.666666666666666
20,24,22.0
3,3,3.0
1,63,24.714285714285715
27,27,27.0
6,35,22.5
1,33,12.0
25,25,25.0
4,39,23.0
12,23,17.25
2,45,18.166666666666668
8,31,17.0
31,39,35.0
8,45,26.5
13,35,24.0
9,36,26.333333333333332
2,43,22.166666666666668
28,36,33.0
5,28,15.5
0,40,18.666666666666668
5,42,19.25
14,14,14.0
10,29,21.666666666666668
3,41,20.0
22,25,23.5
5,39,17.25
46,46,46.0
3,31,17.666666666666668
29,49,39.0
5,31,22.8
9,12,10.5
12,41,24.333333333333332
9,21,13.666666666666666
9,38,22.0
12,17,14.5
17,54,37.0
17,23,20.0
6,48,23.0
5,27,13.0
11,17,14.0
9,21,16.6
34,34,34.0
3,47,28.0
10,31,20.5
13,48,30.666666666666668
6,91,48.5
11,16,13.5
13,37,25.0
1,25,13.0
0,34,18.0
18,18,18.0
7,16,11.0
0,18,9.5
16,53,29.75
3,50,20.0
21,21,21.0
0,0,0
26,43,32.666666666666664
30,30,30.0
9,51,21.0
7,44,20.666666666666668
13,59,29.833333333333332
2,11,6.5
4,42,21.4
16,25,19.333333333333332
5,55,19.25
12,20,16.0
15,17,16.0
23,26,24.5
11,11,11.0
3,36,19.5
35,48,41.5
10,37,19.6
4,34,19.0
7,25,17.666666666666668
7,37,22.0
5,12,8.5
17,17,17.0
9,12,10.5
21,21,21.0
5,12,9.0
9,47,25.333333333333332
71,71,71.0
7,40,24.333333333333332
3,4,3.5
5,35,21.2
16,36,29.333333333333332
0,49,20.5
0,0,0
7,51,29.0
3,61,22.75
0,0,0
5,27,16.0
13,19,16.666666666666668
0,53,25.666666666666668
22,24,23.0
5,33,23.333333333333332
22,58,40.0
8,46,27.0
0,0,0
20,24,22.0
13,47,24.0
11,18,14.5
5,60,28.333333333333332
9,28,15.2
16,50,28.0
14,22,18.0
20,20,20.0
10,21,14.0
14,14,14.0
11,49,23.0
23,41,32.0
10,38,20.6
18,18,18.0
3,41,19.0
3,30,15.6
9,39,26.0
16,45,27.666666666666668
9,40,22.666666666666668
12,28,20.0
5,17,10.5
15,15,15.0
10,54,24.8
4,29,22.5
12,49,26.6
16,28,22.0
12,79,31.0
0,0,0
15,34,24.5
16,40,28.0
18,40,26.8
1,27,14.0
5,21,13.428571428571429
24,24,24.0
6,31,17.6
17,17,17.0
3,18,10.5
32,45,38.5
4,34,18.75
23,23,23.0
3,8,5.5
33,33,33.0
28,28,28.0
0,0,0
3,26,14.0
5,23,15.25
13,32,18.75
16,35,26.25
25,25,25.0
12,45,30.0
14,46,27.5
5,5,5.0
17,21,19.0
22,34,28.0
0,0,0
20,20,20.0
12,41,30.666666666666668
4,8,6.0
5,37,21.0
21,41,28.333333333333332
4,24,12.333333333333334
10,73,35.25
8,24,16.0
9,40,24.5
3,50,25.666666666666668
3,75,34.8
15,38,25.5
6,26,15.5
10,44,27.4
13,43,28.25
9,9,9.0
19,47,27.4
14,46,31.833333333333332
7,47,29.0
0,29,14.5
2,42,22.0
10,55,28.5
4,40,17.333333333333332
7,32,21.25
14,18,16.0
8,17,12.5
4,55,20.8
10,30,20.333333333333332
6,31,18.6
12,31,21.5
10,36,24.8
4,43,18.142857142857142
0,0,0
14,34,22.0
6,6,6.0
0,43,22.875
8,42,25.333333333333332
32,32,32.0
13,44,30.0
4,4,4.0
9,43,32.25
4,43,24.333333333333332
9,28,19.25
19,43,31.666666666666668
3,50,21.5
7,29,20.4
24,24,24.0
21,45,35.333333333333336
5,16,10.5
8,32,20.0
1,55,22.8
18,77,33.833333333333336
0,0,0
3,41,23.75
34,34,34.0
1,61,29.8
10,60,38.2
23,33,28.0
7,28,18.25
27,78,51.666666666666664
11,55,39.666666666666664
5,10,7.0
3,32,19.0
3,20,11.5
9,23,17.666666666666668
13,52,24.75
1,49,23.428571428571427
31,31,31.0
15,60,31.0
16,40,28.0
12,42,30.333333333333332
18,56,33.666666666666664
17,38,30.0
21,43,29.5
16,18,17.0
5,50,22.4
29,29,29.0
11,19,13.666666666666666
16,16,16.0
2,31,17.166666666666668
0,24,15.333333333333334
10,49,31.0
1,41,20.5
4,12,7.333333333333333
1,16,8.333333333333334
16,16,16.0
17,49,38.0
10,19,15.5
13,18,15.5
7,39,23.0
15,40,23.25
11,11,11.0
5,13,8.666666666666666
13,33,20.666666666666668
8,20,15.0
12,17,14.5
10,19,14.5
6,25,13.25
23,23,23.0
16,16,16.0
1,34,20.2
0,30,18.75
12,12,12.0
16,53,28.666666666666668
11,43,21.0
28,28,28.0
45,45,45.0
2,35,18.25
3,42,22.5
5,31,21.25
22,28,25.0
1,1,1.0
16,26,19.333333333333332
14,29,21.333333333333332
28,28,28.0
6,6,6.0
7,22,14.5
10,20,15.0
1,11,5.333333333333333
17,30,24.0
1,47,29.0
11,39,21.5
6,43,20.5
12,12,12.0
16,47,27.5
5,20,13.666666666666666
15,35,24.5
9,31,20.0
0,42,17.666666666666668
15,15,15.0
6,34,22.2
16,16,16.0
22,22,22.0
30,30,30.0
8,58,25.857142857142858
9,22,15.666666666666666
23,36,29.5
2,27,11.75
11,56,29.2
17,29,22.25
0,0,0
2,41,16.125
4,14,9.0
25,27,26.0
16,26,20.4
27,36,31.5
7,7,7.0
5,23,12.25
10,24,15.4
6,11,8.5
19,51,35.5
4,29,12.8
13,28,20.0
4,27,17.2
13,34,24.0
1,19,13.25
3,64,23.0
13,42,21.25
11,54,30.166666666666668
5,22,14.75
13,21,17.0
0,0,0
16,26,20.75
3,11,7.0
11,42,26.333333333333332
19,50,33.0
9,19,14.0
7,38,15.75
3,24,14.75
3,59,25.25
21,25,23.666666666666668
13,25,17.333333333333332
12,12,12.0
8,20,15.4
14,14,14.0
7,22,16.666666666666668
6,30,18.0
0,19,8.0
0,22,12.333333333333334
30,30,30.0
28,28,28.0
8,57,27.0
57,57,57.0
12,19,15.5
2,33,14.0
10,45,25.2
9,72,28.8
2,32,16.333333333333332
8,16,13.333333333333334
6,35,18.666666666666668
8,36,22.666666666666668
0,0,0
9,22,13.0
6,8,7.0
17,40,29.25
7,24,13.0
27,30,28.5
9,16,11.25
14,27,20.5
10,38,20.8
15,29,22.0
8,33,23.333333333333332
15,15,15.0
0,41,18.0
0,0,0
12,33,19.75
0,14,7.0
41,41,41.0
24,25,24.5
3,48,23.5
0,31,14.0
3,21,12.666666666666666
0,0,0
9,41,19.5
15,26,20.5
0,0,0.0
4,39,18.714285714285715
18,20,19.0
7,38,21.5
0,78,34.75
4,48,28.333333333333332
19,52,40.333333333333336
0,40,21.0
4,32,16.4
50,50,50.0
11,17,14.0
15,15,15.0
14,15,14.5
13,24,16.666666666666668
19,39,26.8
3,42,23.166666666666668
3,26,16.2
21,39,27.75
5,10,7.5
0,0,0
10,24,18.0
11,50,30.5
1,61,20.4
5,28,17.0
19,41,30.0
9,44,26.5
20,36,27.0
18,18,18.0
2,13,9.0
0,0,0
7,51,29.0
19,39,28.0
14,29,21.5
3,36,17.666666666666668
7,32,18.25
6,37,17.333333333333332
3,25,13.166666666666666
12,31,18.666666666666668
2,27,15.333333333333334
10,29,17.666666666666668
18,19,18.5
19,39,31.0
10,36,24.4
15,44,29.5
1,20,8.333333333333334
9,28,18.166666666666668
23,40,31.5
15,23,17.666666666666668
5,47,23.333333333333332
0,27,12.5
18,28,23.0
7,7,7.0
4,70,29.0
0,0,0
22,68,45.0
14,16,15.0
10,10,10.0
15,31,23.4
47,47,47.0
30,32,31.0
32,53,42.5
9,35,20.166666666666668
24,24,24.0
1,32,12.5
5,24,14.5
10,11,10.5
15,58,36.5
1,31,14.833333333333334
32,32,32.0
11,35,23.0
15,29,21.333333333333332
21,28,24.5
11,25,19.666666666666668
10,19,14.5
14,37,28.0
16,29,24.0
8,16,11.333333333333334
26,26,26.0
18,51,30.25
9,9,9.0
13,41,23.4
9,9,9.0
8,33,18.5
0,0,0
8,34,21.0
5,5,5.0
1,27,11.666666666666666
0,0,0
22,40,29.0
4,25,13.666666666666666
6,16,9.666666666666666
6,24,14.666666666666666
8,18,13.0
10,33,20.0
8,23,13.0
12,29,20.5
17,35,24.666666666666668
9,9,9.0
5,26,17.0
6,8,7.0
24,55,44.333333333333336
2,76,25.4
11,32,21.5
10,13,11.5
45,46,45.5
40,40,40.0
8,44,26.0
12,12,12.0
7,25,19.6
23,32,27.5
14,14,14.0
6,28,16.0
2,15,8.333333333333334
21,21,21.0
38,38,38.0
0,0,0
5,54,23.8
3,41,20.0
49,49,49.0
17,50,29.5
11,25,18.0
9,34,23.0
1,3,2.0
6,21,16.0
3,37,17.666666666666668
21,44,32.2
11,52,32.333333333333336
15,39,25.666666666666668
8,50,28.333333333333332
0,51,24.2
8,47,25.0
23,32,28.0
6,31,19.166666666666668
7,28,16.2
13,43,24.666666666666668
18,40,29.0
8,52,27.5
26,38,32.0
3,40,17.25
1,10,5.5
4,14,9.0
1,56,25.0
13,41,22.0
0,0,0
0,25,11.4
30,47,38.5
27,49,40.25
3,10,6.5
5,57,26.0
21,21,21.0
9,27,17.0
16,45,30.5
8,46,27.333333333333332
9,19,15.0
3,46,23.8
12,73,35.75
14,22,19.333333333333332
31,47,37.0
6,39,20.0
3,43,20.6
1,1,1.0
1,35,18.2
0,0,0
14,41,24.666666666666668
21,21,21.0
19,55,40.0
13,28,21.333333333333332
7,40,25.4
25,25,25.0
0,0,0
7,34,18.4
12,30,19.0
16,36,23.333333333333332
0,0,0
18,24,20.666666666666668
0,0,0
12,12,12.0
13,27,20.0
0,37,16.666666666666668
20,23,21.5
8,28,18.0
13,25,19.333333333333332
20,21,20.5
26,30,28.0
7,29,18.0
2,31,8.8
35,35,35.0
3,35,23.0
6,35,22.75
2,21,11.5
35,48,41.5
0,0,0
0,41,21.0
13,36,22.666666666666668
15,15,15.0
9,50,23.25
9,29,16.0
12,40,21.4
9,84,34.25
40,40,40.0
7,38,20.0
4,23,16.0
20,35,29.666666666666668
4,56,25.333333333333332
48,48,48.0
14,44,29.0
13,23,17.75
8,57,29.333333333333332
5,26,18.25
5,22,13.5
14,18,16.0
15,65,40.0
3,94,31.75
14,45,27.0
18,60,35.25
23,24,23.5
17,58,39.333333333333336
20,38,29.0
4,34,20.666666666666668
30,33,31.5
13,25,20.0
29,40,34.5
5,19,13.4
50,50,50.0
11,40,19.75
9,9,9.0
9,26,15.6
11,54,32.5
13,35,21.666666666666668
28,32,30.0
1,102,42.666666666666664
13,14,13.5
19,40,28.333333333333332
18,29,23.5
0,0,0.0
12,82,38.75
14,14,14.0
8,47,25.333333333333332
4,24,14.0
35,35,35.0
8,65,26.5
9,32,20.5
24,29,26.5
2,19,12.0
10,10,10.0
17,33,23.666666666666668
6,57,23.0
2,45,23.5
14,66,40.0
16,27,21.5
6,9,7.5
5,41,23.25
12,56,27.6
23,23,23.0
12,28,20.0
13,60,32.5
14,47,27.5
8,46,26.0
18,32,24.6
3,21,14.5
26,26,26.0
15,35,25.0
10,53,28.75
6,19,13.0
0,40,17.5
6,29,17.2
7,39,21.25
29,29,29.0
29,29,29.0
9,28,20.5
0,33,14.0
17,38,30.5
10,10,10.0
28,28,28.0
5,21,12.0
13,19,16.0
30,30,30.0
6,31,19.4
16,16,16.0
7,26,18.2
16,49,33.333333333333336
12,41,21.0
20,34,27.0
3,31,17.8
3,59,26.0
24,30,27.0
6,56,25.333333333333332
0,0,0
12,26,20.0
36,47,40.666666666666664
13,33,26.0
36,36,36.0
6,16,11.666666666666666
11,40,21.666666666666668
11,32,18.25
10,49,33.333333333333336
28,45,36.75
1,22,11.75
1,25,16.25
8,30,18.0
1,6,3.5
4,40,25.0
13,13,13.0
18,43,33.6
20,35,27.5
2,12,7.0
9,66,33.714285714285715
70,70,70.0
16,17,16.666666666666668
32,35,33.5
20,31,25.5
10,49,23.166666666666668
21,37,27.0
18,50,34.0
20,33,24.8
0,0,0
21,78,37.0
30,30,30.0
20,29,24.5
4,39,20.666666666666668
4,28,17.333333333333332
5,20,10.0
5,27,14.5
6,16,11.0
14,37,26.666666666666668
22,22,22.0
11,54,26.0
16,45,31.0
14,25,19.5
46,46,46.0
18,18,18.0
14,27,20.333333333333332
3,29,16.0
0,26,15.25
2,47,19.6
9,26,16.333333333333332
7,36,20.0
15,26,20.5
15,15,15.0
12,37,25.25
23,28,24.666666666666668
17,29,25.0
3,46,24.5
16,55,28.75
23,23,23.0
6,31,19.0
39,39,39.0
14,30,22.666666666666668
9,68,31.0
30,35,32.5
9,47,20.2
1,55,29.5
2,41,17.0
17,29,22.4
11,30,20.5
8,53,33.333333333333336
7,73,27.8
0,0,0
12,51,25.2
8,15,11.25
11,34,19.0
1,25,15.0
8,42,20.0
55,55,55.0
17,64,38.0
43,46,44.5
10,38,28.333333333333332
17,35,26.0
21,33,28.0
35,57,46.0
5,43,26.666666666666668
12,35,24.0
25,25,25.0
2,38,21.166666666666668
22,22,22.0
0,22,8.75
0,0,0
30,38,34.0
6,48,30.666666666666668
30,30,30.0
10,34,19.5
0,0,0
7,32,16.25
23,28,25.333333333333332
4,40,24.666666666666668
7,7,7.0
13,61,34.0
15,27,22.333333333333332
17,39,27.666666666666668
20,32,26.0
8,33,20.5
8,37,22.0
6,49,27.5
3,47,25.25
32,32,32.0
14,49,26.5
1,48,28.0
10,18,14.0
19,37,30.666666666666668
24,34,29.0
5,24,14.5
26,35,31.333333333333332
8,31,20.5
12,49,27.0
30,38,32.2
34,34,34.0
14,31,22.5
15,15,15.0
8,47,27.5
0,37,17.25
14,53,30.0
18,47,32.5
9,35,22.666666666666668
9,13,11.666666666666666
69,69,69.0
20,55,37.5
58,58,58.0
29,29,29.0
22,32,27.0
7,45,25.0
5,17,10.75
5,5,5.0
22,54,38.5
23,54,33.333333333333336
14,40,24.0
45,45,45.0
17,38,26.2
7,7,7.0
13,33,22.25
19,26,22.333333333333332
14,20,17.666666666666668
15,67,33.666666666666664
32,35,33.5
3,72,23.428571428571427
21,22,21.5
28,48,35.666666666666664
11,52,35.333333333333336
6,52,27.6
10,60,37.666666666666664
5,34,19.5
14,46,22.6
26,33,29.5
10,53,31.25
6,39,21.8
13,37,23.4
12,41,25.8
19,29,24.0
33,42,37.5
23,23,23.0
18,25,22.0
6,58,27.333333333333332
20,51,28.75
11,11,11.0
24,44,33.666666666666664
20,29,24.0
0,0,0
23,43,33.0
6,63,26.5
30,64,47.0
8,31,17.0
0,0,0
10,30,21.666666666666668
7,52,29.5
2,2,2.0
0,0,0
11,46,22.8
16,23,19.5
8,53,21.428571428571427
1,47,25.25
19,24,21.5
16,46,31.2
2,30,12.75
15,61,32.833333333333336
4,25,14.75
31,62,39.4
18,35,26.5
18,49,33.5
17,42,26.666666666666668
17,37,27.0
3,62,27.25
24,49,36.5
18,63,34.75
28,35,31.333333333333332
35,52,44.333333333333336
0,27,13.333333333333334
17,42,25.333333333333332
49,49,49.0
5,28,19.0
20,26,23.0
20,50,34.0
11,11,11.0
28,45,35.0
9,89,49.0
4,74,33.2
25,25,25.0
9,49,27.2
32,44,37.333333333333336
17,42,28.5
6,50,21.666666666666668
14,28,19.666666666666668
23,30,26.5
8,14,11.0
26,42,31.4
17,45,31.0
19,46,32.5
9,52,23.0
12,25,19.333333333333332
26,43,36.666666666666664
11,43,27.25
4,13,8.5
16,73,44.5
23,39,31.0
22,36,27.333333333333332
5,98,32.25
0,63,29.75
25,35,30.0
49,49,49.0
6,21,13.5
32,32,32.0
16,16,16.0
20,26,22.333333333333332
14,102,41.75
6,45,25.5
10,37,21.25
3,26,16.0
25,25,25.0
14,24,19.0
7,28,21.0
14,29,19.666666666666668
21,21,21.0
37,37,37.0
27,42,34.5
16,36,27.0
10,34,26.833333333333332
17,42,29.5
1,14,8.0
1,51,25.0
4,4,4.0
5,55,35.5
20,62,41.0
15,19,17.0
31,52,41.5
0,0,0
3,35,18.666666666666668
20,33,26.333333333333332
13,44,25.666666666666668
36,47,41.75
22,50,35.333333333333336
9,30,21.142857142857142
21,40,30.5
16,43,29.5
21,24,22.5
3,51,20.333333333333332
19,50,38.5
6,64,27.5
5,61,28.2
32,34,33.0
7,23,15.25
12,41,22.333333333333332
11,42,29.0
18,50,35.666666666666664
16,37,26.75
5,12,8.5
7,35,15.6
17,17,17.0
16,22,19.666666666666668
27,37,32.0
3,54,28.166666666666668
20,20,20.0
29,61,41.333333333333336
19,30,22.25
0,52,22.75
12,30,21.0
37,37,37.0
5,61,38.333333333333336
18,64,30.75
1,54,27.5
24,55,39.833333333333336
8,32,18.75
6,54,27.833333333333332
11,31,21.0
10,65,36.333333333333336
7,37,18.666666666666668
9,55,26.0
11,52,32.25
49,49,49.0
19,35,27.666666666666668
14,66,31.0
25,45,35.0
27,38,32.5
27,46,36.5
36,36,36.0
12,28,21.2
41,53,45.333333333333336
23,35,28.0
12,35,26.333333333333332
10,31,20.5
21,35,28.0
3,3,3.0
1,33,20.0
0,0,0
25,53,40.75
8,49,28.5
6,52,27.666666666666668
3,44,23.5
15,51,33.0
25,69,47.0
8,42,26.0
38,79,58.5
17,18,17.666666666666668
49,50,49.5
21,32,26.0
10,55,32.0
5,36,16.333333333333332
28,50,40.0
32,32,32.0
34,34,34.0
11,47,29.0
0,20,11.666666666666666
47,47,47.0
5,27,16.75
30,41,35.5
12,12,12.0
24,47,35.5
35,56,44.0
6,71,31.5
3,73,22.75
2,52,19.333333333333332
4,66,35.0
8,27,18.666666666666668
0,48,26.0
25,25,25.0
10,38,24.0
9,64,42.25
5,13,8.0
20,58,41.6
29,29,29.0
5,54,31.6
41,41,41.0
3,35,23.5
34,34,34.0
3,38,23.333333333333332
13,51,30.0
4,56,30.2
4,27,13.0
19,19,19.0
9,71,33.0
7,36,20.25
58,58,58.0
11,33,22.0
9,16,12.5
53,53,53.0
22,22,22.0
0,74,24.8
24,51,38.333333333333336
11,41,24.833333333333332
14,47,25.25
5,12,7.333333333333333
24,47,32.333333333333336
12,12,12.0
47,47,47.0
14,53,33.5
10,47,30.333333333333332
15,58,33.0
11,48,27.5
11,51,29.25
4,15,9.5
24,25,24.333333333333332
2,35,20.25
3,7,5.0
4,43,26.0
20,33,26.333333333333332
0,58,24.25
20,67,38.333333333333336
10,41,22.5
5,31,15.5
2,54,28.0
1,55,24.5
12,13,12.5
5,39,26.4
20,45,32.5
11,38,20.2
13,15,14.0
9,70,34.285714285714285
72,72,72.0
17,30,22.4
21,21,21.0
21,61,42.5
24,24,24.0
6,26,13.25
22,44,32.75
1,26,13.5
2,50,26.333333333333332
37,37,37.0
15,29,22.0
12,28,20.0
2,76,36.4
2,47,23.833333333333332
10,29,20.6
8,63,29.0
27,53,40.0
23,23,23.0
0,0,0
3,26,14.5
7,7,7.0
13,28,19.75
11,36,20.333333333333332
14,49,24.5
2,51,23.75
45,45,45.0
2,41,25.285714285714285
6,30,19.666666666666668
15,51,28.25
45,45,45.0
3,21,14.0
7,64,25.5
9,17,13.0
3,20,13.333333333333334
0,0,0
5,22,15.75
9,58,36.75
18,19,18.5
6,43,28.666666666666668
13,68,45.0
6,93,34.8
2,86,26.8
14,93,43.666666666666664
12,46,27.5
19,20,19.5
2,26,15.8
38,54,46.0
94,94,94.0
14,14,14.0
6,48,31.333333333333332
45,45,45.0
22,33,27.5
7,10,8.0
3,55,23.0
5,28,16.25
5,85,31.666666666666668
7,59,22.5
2,31,16.5
35,43,38.333333333333336
19,19,19.0
24,29,26.75
11,100,55.5
25,29,27.25
11,59,33.666666666666664
7,45,26.0
18,39,28.5
21,63,42.0
30,48,38.8
3,18,10.5
4,38,22.2
31,31,31.0
24,34,28.666666666666668
13,29,23.666666666666668
11,51,25.75
15,81,48.0
9,36,18.6
10,27,16.333333333333332
14,16,15.0
15,24,20.0
17,47,32.0
0,0,0
1,27,12.333333333333334
17,29,23.0
14,31,24.333333333333332
22,22,22.0
19,19,19.0
0,0,0
24,24,24.0
4,50,22.333333333333332
5,42,21.75
18,18,18.0
6,74,27.6
0,0,0
5,36,16.75
25,25,25.0
10,58,29.5
26,36,30.0
13,37,25.0
13,34,20.25
3,33,18.75
1,27,14.8
7,19,13.0
7,12,10.0
24,28,26.0
15,50,27.0
12,41,24.75
23,42,32.5
5,29,17.0
0,0,0
23,67,36.2
0,0,0
11,17,13.666666666666666
4,30,14.166666666666666
9,36,17.0
27,27,27.0
48,48,48.0
16,31,22.0
15,15,15.0
12,47,27.25
12,12,12.0
7,28,16.333333333333332
16,30,23.333333333333332
19,38,27.333333333333332
11,15,13.0
3,44,23.5
17,17,17.0
28,28,28.0
23,61,35.125
12,12,12.0
12,29,22.666666666666668
2,46,20.0
28,43,34.666666666666664
17,46,31.5
11,27,17.0
17,33,26.0
3,42,24.333333333333332
18,43,30.5
31,47,36.666666666666664
16,16,16.0
16,54,31.285714285714285
49,49,49.0
32,32,32.0
4,18,9.666666666666666
10,47,34.0
16,39,30.333333333333332
30,64,47.0
21,41,32.333333333333336
3,49,30.0
7,43,24.5
3,29,16.666666666666668
8,45,27.666666666666668
20,42,30.666666666666668
7,36,19.666666666666668
19,19,19.0
10,28,18.5
22,42,33.333333333333336
15,35,26.0
15,61,44.25
20,41,32.2
12,53,28.25
12,52,27.6
10,66,33.72727272727273
14,47,30.5
8,56,27.6
20,44,35.75
15,45,24.75
7,46,26.5
18,51,36.666666666666664
31,31,31.0
10,67,34.0
20,44,32.666666666666664
1,37,20.4
29,37,33.0
5,43,24.4
24,40,32.0
7,39,26.4
23,23,23.0
20,61,40.5
22,57,35.333333333333336
29,82,55.5
26,37,32.75
3,37,20.666666666666668
14,48,24.75
5,60,27.5
37,51,44.0
19,28,25.0
11,43,26.2
5,38,21.5
3,43,21.0
4,36,17.666666666666668
19,26,23.333333333333332
27,69,44.0
20,49,29.25
9,54,27.333333333333332
3,42,19.5
20,38,29.0
13,13,13.0
20,61,34.0
2,44,28.25
42,42,42.0
8,64,27.75
20,25,23.333333333333332
25,29,27.0
9,87,42.25
5,41,24.0
24,36,28.333333333333332
18,47,31.333333333333332
19,39,30.0
9,43,26.0
3,36,13.4
19,39,29.0
25,48,36.5
14,39,26.5
7,13,10.0
22,48,33.75
7,76,44.666666666666664
18,30,25.166666666666668
27,46,36.5
4,49,25.833333333333332
11,24,17.5
18,39,28.4
40,40,40.0
30,33,31.666666666666668
5,52,33.333333333333336
7,42,22.4
13,13,13.0
5,44,19.428571428571427
15,48,33.0
4,48,24.333333333333332
18,41,31.0
30,53,41.5
30,30,30.0
9,49,23.6
4,41,28.666666666666668
8,41,30.0
0,0,0
17,36,26.25
3,59,29.5
24,32,28.0
11,60,35.75
34,34,34.0
22,44,31.75
29,29,29.0
17,52,33.75
12,29,20.5
3,11,7.0
23,80,47.333333333333336
7,31,19.0
2,47,19.25
11,44,30.666666666666668
13,57,34.5
5,58,32.75
1,73,36.75
12,20,16.0
4,23,12.666666666666666
10,27,18.5
3,28,19.25
28,37,32.5
57,57,57.0
18,46,32.0
20,25,22.5
30,45,40.0
7,15,11.0
20,20,20.0
3,68,32.833333333333336
66,66,66.0
1,46,23.4
24,24,24.0
7,58,33.285714285714285
33,33,33.0
1,23,12.0
15,22,18.5
4,53,23.0
34,46,39.333333333333336
54,54,54.0
18,61,39.5
2,15,11.0
29,49,39.333333333333336
4,49,25.666666666666668
6,46,26.0
21,47,34.0
11,29,21.0
12,21,16.5
16,20,18.0
6,64,37.5
7,17,10.666666666666666
17,26,21.5
25,25,25.0
20,41,27.0
2,37,19.0
0,36,16.5
19,26,22.666666666666668
9,86,39.25
12,19,15.5
30,66,44.0
7,41,29.0
0,33,16.5
16,16,16.0
1,43,23.0
6,6,6.0
17,78,38.6
0,0,0
1,49,29.833333333333332
30,58,44.0
14,26,20.0
33,68,50.5
9,44,26.5
12,51,31.333333333333332
7,28,17.666666666666668
29,29,29.0
0,81,32.666666666666664
11,30,20.333333333333332
0,0,0
22,41,32.5
23,42,32.5
9,54,38.0
11,58,37.0
28,43,36.25
3,21,12.0
17,42,30.666666666666668
1,17,10.333333333333334
29,54,43.25
7,67,25.666666666666668
36,43,40.0
33,55,44.666666666666664
32,68,42.75
6,30,22.0
7,41,20.6
14,32,23.0
2,66,34.0
1,36,17.25
17,71,44.0
11,38,23.333333333333332
4,23,11.0
13,44,32.333333333333336
5,75,35.0
3,15,9.0
3,49,25.857142857142858
0,0,0
6,74,30.0
18,20,19.333333333333332
15,15,15.0
6,52,22.0
7,13,10.0
8,54,31.666666666666668
10,60,24.25
2,83,38.6
13,47,30.0
9,42,26.0
23,23,23.0
12,55,32.666666666666664
44,120,82.0
1,82,19.666666666666668
36,36,36.0
1,46,29.6
18,38,28.0
3,39,20.75
5,15,10.0
12,30,22.333333333333332
14,18,16.0
18,21,19.5
6,50,28.0
11,41,25.0
13,77,30.625
11,42,26.5
2,2,2.0
11,20,14.0
4,68,34.25
19,19,19.0
5,56,30.5
10,14,12.0
2,77,33.0
15,57,30.666666666666668
4,51,20.4
6,29,20.0
24,27,25.333333333333332
0,34,12.666666666666666
14,45,24.0
17,17,17.0
18,66,41.25
12,64,38.0
15,20,17.5
0,48,20.25
12,49,30.5
34,34,34.0
14,82,33.5
0,0,0.0
21,21,21.0
19,27,23.0
41,49,45.0
5,19,15.5
10,49,32.0
0,17,11.2
4,27,15.4
12,48,28.75
2,32,17.333333333333332
8,43,27.666666666666668
10,20,15.0
1,20,10.5
3,19,13.333333333333334
11,51,30.5
21,41,32.0
1,41,19.833333333333332
16,16,16.0
24,32,28.0
0,30,16.25
13,13,13.0
2,36,18.0
24,61,42.5
22,38,27.333333333333332
45,45,45.0
19,26,22.5
12,38,21.666666666666668
10,25,19.25
42,42,42.0
12,26,19.333333333333332
12,68,39.25
8,8,8.0
14,35,23.4
20,27,23.5
25,25,25.0
17,17,17.0
24,48,33.0
18,18,18.0
16,37,26.5
8,18,13.666666666666666
14,31,20.5
8,22,13.0
16,44,26.666666666666668
24,30,27.5
19,31,25.0
15,44,24.125
0,0,0
15,44,29.25
9,9,9.0
14,37,23.285714285714285
24,24,24.0
7,11,8.8
17,48,29.0
3,15,9.0
5,34,21.25
6,32,18.75
25,40,30.75
43,43,43.0
15,52,28.555555555555557
1,22,11.5
4,18,11.0
5,32,17.8
15,21,18.0
6,14,9.333333333333334
15,15,15.0
17,26,21.75
15,18,16.333333333333332
9,34,21.333333333333332
10,24,17.0
8,33,20.25
4,4,4.0
12,22,17.333333333333332
4,18,11.333333333333334
8,30,16.6
27,27,27.0
15,26,19.0
5,13,9.0
5,40,25.0
8,36,18.25
3,3,3.0
2,32,20.333333333333332
5,15,10.0
11,32,17.571428571428573
20,23,21.5
16,36,24.0
0,0,0
14,43,28.333333333333332
14,49,28.666666666666668
1,26,17.2
7,23,13.0
14,15,14.5
21,21,21.0
18,36,27.0
8,27,18.666666666666668
18,35,26.0
8,43,22.4
12,22,16.25
6,51,26.0
16,36,28.333333333333332
14,42,22.75
6,25,15.0
12,59,34.75
5,5,5.0
14,33,21.75
9,44,30.25
5,28,20.333333333333332
8,55,30.25
14,14,14.0
4,28,13.0
11,40,23.25
7,61,28.25
0,0,0
2,27,15.333333333333334
10,25,20.8
3,38,23.75
0,4,2.0
14,47,28.5
47,47,47.0
4,31,19.0
17,39,27.666666666666668
0,0,0
48,58,53.0
28,33,30.5
0,16,7.666666666666667
10,26,18.0
16,37,28.333333333333332
1,12,6.0
21,29,25.333333333333332
0,33,11.5
26,37,31.5
14,46,30.0
15,36,22.0
22,31,26.5
35,40,37.5
7,42,21.0
12,34,22.25
1,31,16.0
1,28,16.8
13,72,36.0
3,21,9.666666666666666
2,35,18.333333333333332
4,25,12.5
3,23,12.0
11,39,27.0
6,6,6.0
9,13,10.666666666666666
18,24,21.333333333333332
8,49,27.5
5,40,27.0
10,21,16.75
1,26,12.666666666666666
9,9,9.0
3,27,13.666666666666666
19,46,33.0
34,34,34.0
17,17,17.0
2,17,9.5
7,33,18.333333333333332
13,16,14.5
0,0,0
7,28,17.5
9,20,14.5
22,22,22.0
12,28,21.0
4,15,8.333333333333334
6,12,9.0
6,31,18.5
3,34,11.75
0,0,0
2,26,14.0
5,58,30.25
25,45,35.0
10,29,17.666666666666668
1,9,5.666666666666667
16,46,28.0
15,15,15.0
6,30,18.666666666666668
14,39,26.5
13,38,22.666666666666668
11,62,31.8
7,19,13.0
6,45,24.833333333333332
33,42,38.0
19,42,28.666666666666668
9,42,22.75
12,14,13.0
0,0,0.0
3,22,13.25
18,23,20.5
15,18,16.5
30,32,31.0
13,17,15.0
15,62,34.0
7,28,16.0
16,76,34.4
4,35,16.0
3,57,31.333333333333332
16,64,40.0
16,31,25.666666666666668
9,36,23.25
0,59,20.333333333333332
13,41,27.0
16,44,30.0
8,54,34.333333333333336
9,32,20.5
13,32,21.666666666666668
4,31,20.5
5,56,26.5
32,32,32.0
9,61,30.0
0,0,0
21,32,27.666666666666668
39,68,53.5
16,23,19.5
2,6,4.0
34,39,36.5
13,35,26.25
17,43,31.666666666666668
1,50,20.0
11,40,20.0
5,42,21.6
36,36,36.0
11,11,11.0
4,4,4.0
12,73,42.5
3,36,24.8
0,59,19.25
20,24,22.0
11,11,11.0
1,46,22.5
29,29,29.0
0,17,7.2
4,29,18.0
11,52,29.333333333333332
43,43,43.0
2,57,26.833333333333332
12,57,34.5
2,79,29.5
17,36,26.5
8,53,22.142857142857142
9,45,24.666666666666668
11,33,21.75
26,46,32.666666666666664
16,21,18.5
2,71,38.333333333333336
5,54,28.2
22,58,34.333333333333336
3,27,15.5
14,23,18.5
25,25,25.0
0,0,0
5,48,20.0
9,20,15.333333333333334
0,0,0
2,19,10.2
6,11,8.5
10,24,19.0
0,20,10.25
1,37,14.666666666666666
29,29,29.0
11,21,15.666666666666666
20,28,24.0
12,38,21.0
4,67,32.0
21,23,21.666666666666668
10,29,18.2
18,34,27.5
0,23,11.5
15,35,26.2
7,11,9.0
4,6,5.0
17,51,27.25
0,0,0
6,57,26.666666666666668
11,11,11.0
4,27,13.666666666666666
30,30,30.0
7,29,15.0
24,24,24.0
6,47,26.5
0,0,0
15,19,17.0
25,33,29.333333333333332
2,35,16.666666666666668
4,30,22.2
15,21,18.0
6,9,7.5
15,67,31.5
6,36,14.5
41,45,43.0
4,58,32.666666666666664
25,40,29.25
24,49,36.5
5,66,35.5
15,49,26.714285714285715
14,33,23.5
9,48,29.666666666666668
8,37,24.25
15,37,25.0
4,19,11.5
29,40,34.5
28,34,30.333333333333332
51,51,51.0
13,35,26.0
21,49,34.5
7,48,24.0
22,47,32.0
12,46,24.75
13,35,21.8
8,26,15.0
18,46,30.5
8,36,19.666666666666668
32,40,36.0
7,53,34.333333333333336
0,19,11.4
15,52,30.0
0,7,3.5
11,23,15.333333333333334
30,30,30.0
6,39,17.5
22,22,22.0
10,47,31.333333333333332
39,39,39.0
19,20,19.5
8,55,24.5
7,17,12.5
5,5,5.0
16,45,25.25
14,37,27.4
13,24,18.0
0,29,10.6
9,16,12.333333333333334
34,41,37.5
29,29,29.0
3,64,32.0
2,22,12.5
12,36,21.25
15,41,31.333333333333332
1,37,24.666666666666668
8,17,13.333333333333334
4,37,15.5
24,33,27.666666666666668
23,27,25.0
5,18,11.6
12,32,22.0
21,21,21.0
7,40,23.5
0,31,11.0
18,18,18.0
2,2,2.0
0,0,0
9,23,16.333333333333332
10,18,13.666666666666666
16,30,23.0
7,65,30.25
13,13,13.0
9,32,21.25
25,26,25.5
1,19,11.666666666666666
8,55,31.5
0,0,0
6,50,26.25
15,53,30.8
44,50,47.666666666666664
4,16,10.0
9,44,26.5
10,29,21.333333333333332
0,0,0
65,65,65.0
10,50,27.75
21,21,21.0
7,25,19.5
23,23,23.0
1,7,4.0
27,40,33.5
13,46,28.666666666666668
18,59,33.333333333333336
12,19,15.5
9,40,25.0
32,32,32.0
13,47,30.0
21,39,29.333333333333332
16,22,19.0
26,28,27.0
3,23,11.5
12,48,30.0
5,30,14.25
0,33,19.6
41,49,45.0
12,29,20.5
9,83,46.0
3,39,17.6
21,40,30.75
17,44,31.5
12,51,35.0
17,17,17.0
5,33,18.75
34,41,37.5
21,47,38.0
27,35,30.5
13,17,15.0
0,41,27.0
14,45,26.5
8,57,30.2
11,49,24.2
10,43,22.666666666666668
18,33,25.5
18,42,30.0
18,47,33.8
33,33,33.0
4,38,20.4
30,30,30.0
16,23,19.5
7,44,28.75
2,46,24.333333333333332
32,46,39.0
2,24,13.833333333333334
11,39,24.75
17,45,28.333333333333332
9,51,28.75
0,52,28.666666666666668
34,54,44.0
22,58,39.0
17,26,23.0
4,49,22.0
16,43,29.5
15,15,15.0
3,66,21.4
16,27,21.5
17,42,28.0
55,75,65.0
0,52,20.6
31,35,33.0
8,83,38.666666666666664
3,45,29.2
22,56,36.333333333333336
34,63,43.0
7,32,21.25
42,42,42.0
17,58,26.166666666666668
45,88,66.5
15,35,26.8
34,35,34.5
7,35,20.5
14,18,16.0
32,50,41.0
0,12,6.25
12,28,18.666666666666668
5,81,27.25
11,33,19.0
11,92,38.0
25,51,38.0
3,42,20.25
15,39,27.0
6,23,14.666666666666666
13,41,24.333333333333332
9,44,28.0
17,72,44.5
0,0,0
9,55,29.75
4,15,9.5
11,29,16.2
12,23,17.5
11,34,20.666666666666668
10,24,17.5
18,18,18.0
6,86,37.6
7,21,14.0
19,40,32.333333333333336
2,26,14.25
10,34,20.666666666666668
17,20,18.5
11,40,25.0
10,62,24.625
28,38,33.0
17,63,47.0
11,35,23.0
16,16,16.0
15,33,24.25
17,22,19.5
8,26,17.428571428571427
19,39,29.0
16,33,26.75
13,44,27.25
14,66,40.0
17,32,22.0
7,48,26.25
38,38,38.0
19,70,43.25
3,29,13.75
0,34,22.0
23,23,23.0
3,32,13.333333333333334
1,32,16.0
9,49,25.0
5,65,26.666666666666668
18,38,27.4
31,37,34.0
3,29,17.0
18,33,27.0
19,65,33.5
2,31,17.666666666666668
35,51,43.0
0,0,0.0
21,38,28.0
36,66,54.0
13,19,16.0
5,39,22.0
0,0,0
10,44,25.333333333333332
9,36,23.8
17,37,25.4
0,27,17.666666666666668
11,58,32.0
5,45,24.5
20,20,20.0
5,32,23.25
19,51,30.5
19,33,26.0
6,74,34.166666666666664
2,17,7.666666666666667
26,26,26.0
6,67,24.5
26,49,42.0
9,51,36.0
8,18,13.333333333333334
28,44,36.0
19,36,27.333333333333332
15,63,38.0
10,28,20.75
26,37,33.333333333333336
20,30,26.0
23,43,33.0
22,55,38.75
31,33,32.0
14,39,27.0
0,0,0
9,59,29.0
19,42,33.333333333333336
0,35,22.333333333333332
7,27,15.75
8,34,21.0
0,37,26.166666666666668
0,0,0
4,35,19.5
10,45,26.333333333333332
3,25,15.2
3,3,3.0
23,32,27.75
1,16,8.5
13,59,28.8
2,12,7.0
5,41,27.0
15,44,29.5
18,22,20.0
8,36,16.833333333333332
19,20,19.5
8,47,24.77777777777778
15,70,42.5
11,52,34.75
11,31,22.0
27,28,27.5
9,22,15.5
6,48,26.75
28,49,38.2
24,31,27.666666666666668
20,39,31.0
9,34,21.5
17,45,28.0
26,26,26.0
14,19,16.333333333333332
20,65,39.2
9,22,16.666666666666668
14,28,20.0
21,27,24.0
45,45,45.0
1,37,19.0
12,51,26.4
29,29,29.0
8,30,19.0
40,40,40.0
10,16,13.0
1,54,21.333333333333332
5,35,24.142857142857142
35,35,35.0
6,24,13.0
27,31,29.0
5,52,29.333333333333332
7,7,7.0
19,50,39.333333333333336
7,13,10.666666666666666
3,35,20.333333333333332
13,23,19.333333333333332
34,34,34.0
17,42,26.25
8,8,8.0
27,27,27.0
1,44,18.0
11,30,22.8
34,34,34.0
18,66,37.42857142857143
27,27,27.0
3,24,16.166666666666668
30,30,30.0
6,45,24.0
13,32,22.5
6,21,13.2
24,24,24.0
22,28,25.0
15,29,22.0
26,26,26.0
15,28,21.5
7,24,17.4
34,35,34.5
5,56,29.0
27,38,32.5
19,19,19.0
20,38,29.333333333333332
32,46,38.75
12,25,19.0
8,41,21.25
4,53,26.0
45,45,45.0
10,40,25.75
33,51,42.0
6,27,19.666666666666668
28,34,31.0
15,40,24.333333333333332
21,57,34.333333333333336
34,38,36.0
6,34,19.8
2,46,28.5
60,60,60.0
13,26,23.2
11,30,20.666666666666668
22,31,26.5
1,30,15.0
21,39,27.333333333333332
19,64,39.666666666666664
13,24,18.5
1,20,12.0
8,34,21.0
9,42,21.0
10,20,13.5
8,44,29.0
8,26,18.666666666666668
11,28,19.5
21,21,21.0
20,53,34.5
10,79,38.2
12,26,21.0
16,26,20.666666666666668
19,25,22.0
10,38,25.6
27,41,35.333333333333336
13,53,33.0
2,35,20.4
6,35,20.5
13,56,28.75
25,25,25.0
24,55,33.25
23,38,31.333333333333332
4,32,17.25
1,28,18.333333333333332
15,29,22.0
8,32,18.5
27,28,27.5
6,35,17.6
9,52,32.0
18,77,57.25
28,28,28.0
15,45,27.0
12,12,12.0
16,35,26.666666666666668
16,16,16.0
24,51,39.0
30,47,39.666666666666664
17,55,29.75
22,22,22.0
25,36,29.0
7,62,26.0
3,55,23.8
38,42,40.0
8,39,27.25
8,51,29.75
29,45,37.0
10,42,25.4
5,69,42.2
18,18,18.0
7,62,31.75
6,49,29.333333333333332
7,51,29.2
22,76,43.0
5,33,16.25
0,0,0
1,34,18.0
39,43,41.0
3,32,18.0
22,51,36.5
11,24,15.333333333333334
1,54,28.0
29,29,29.0
24,46,35.0
16,24,20.0
11,31,19.333333333333332
10,60,24.333333333333332
0,0,0
16,41,27.25
10,37,21.0
27,53,40.0
16,55,32.75
14,29,19.333333333333332
9,17,13.0
22,34,28.0
13,43,23.333333333333332
9,69,35.75
8,13,10.5
48,48,48.0
13,26,19.5
8,57,28.0
13,52,29.75
29,29,29.0
30,33,31.333333333333332
7,19,15.0
31,31,31.0
23,23,23.0
13,31,21.25
2,41,17.0
4,36,18.5
0,44,18.0
10,45,30.6
7,35,20.75
5,28,15.0
17,39,28.0
5,39,23.25
52,52,52.0
19,55,31.666666666666668
9,9,9.0
8,8,8.0
13,33,23.666666666666668
9,16,12.5
21,29,25.25
27,27,27.0
4,29,18.25
17,25,21.333333333333332
20,51,31.666666666666668
7,44,28.8
19,53,28.2
19,31,25.0
6,66,25.6
10,48,28.0
13,35,24.0
7,34,25.2
4,23,14.333333333333334
20,38,29.0
16,19,17.333333333333332
23,49,39.666666666666664
13,29,20.333333333333332
3,5,4.0
14,32,25.5
19,20,19.5
18,43,29.5
4,4,4.0
14,44,27.8
0,39,19.5
1,48,24.428571428571427
0,0,0
10,82,39.0
29,40,34.5
9,64,29.833333333333332
13,49,32.5
4,58,23.666666666666668
0,25,13.0
40,40,40.0
37,48,41.333333333333336
10,81,31.6
18,82,40.666666666666664
34,48,39.333333333333336
19,22,20.5
11,25,18.666666666666668
12,12,12.0
2,20,10.333333333333334
11,54,25.25
11,34,22.0
9,95,41.0
3,37,20.0
6,31,19.0
0,63,36.0
25,35,30.0
21,50,36.666666666666664
13,25,19.0
2,46,22.666666666666668
0,0,0
9,9,9.0
15,42,24.333333333333332
11,38,22.666666666666668
4,36,26.8
0,40,21.0
2,44,21.8
27,27,27.0
3,31,18.5
7,53,32.0
16,53,36.5
30,41,35.5
17,34,25.5
8,8,8.0
15,50,30.0
11,11,11.0
37,37,37.0
19,31,25.0
3,6,4.5
4,100,43.0
16,19,17.0
5,36,16.0
9,14,11.5
3,49,26.0
7,44,22.571428571428573
23,47,35.5
22,77,38.75
24,24,24.0
13,26,18.75
56,56,56.0
0,71,27.428571428571427
16,42,29.0
3,32,17.428571428571427
38,66,52.0
0,0,0
12,32,21.333333333333332
2,15,9.333333333333334
0,47,25.166666666666668
10,44,26.333333333333332
8,19,13.5
26,28,27.0
6,47,21.25
0,0,0
12,45,24.0
12,12,12.0
38,58,48.0
4,4,4.0
9,19,13.25
25,63,41.0
0,39,20.666666666666668
0,0,0
7,27,18.2
32,33,32.5
7,31,19.25
0,75,31.0
10,10,10.0
4,54,23.833333333333332
21,43,32.0
1,79,22.5
6,45,25.5
2,13,7.5
11,39,26.75
12,12,12.0
23,33,28.666666666666668
14,18,16.0
10,43,22.2
10,17,13.5
23,23,23.0
12,49,30.5
8,8,8.0
4,59,33.0
24,24,24.0
11,20,16.5
26,26,26.0
9,30,22.666666666666668
20,49,35.75
17,46,32.0
1,31,17.333333333333332
11,19,14.666666666666666
21,21,21.0
6,40,18.5
15,15,15.0
13,27,21.25
12,55,35.5
46,46,46.0
4,38,13.0
2,45,26.0
2,24,14.2
6,47,24.75
10,36,24.166666666666668
13,45,27.5
6,44,23.333333333333332
2,40,26.75
23,37,30.0
5,33,20.0
8,24,17.666666666666668
13,18,15.5
4,42,19.0
14,60,30.0
7,46,19.833333333333332
7,22,14.666666666666666
6,44,25.166666666666668
0,12,6.0
13,44,27.5
8,40,18.5
14,18,16.0
11,22,17.75
4,30,15.75
12,30,17.0
13,41,27.0
13,19,16.0
0,38,18.25
24,33,29.333333333333332
1,32,17.5
31,31,31.0
9,41,20.25
17,31,24.0
10,39,28.666666666666668
8,51,30.0
11,14,12.5
10,17,13.5
6,46,26.666666666666668
6,10,8.0
34,53,43.5
24,24,24.0
5,28,16.0
12,41,23.5
11,27,21.5
41,41,41.0
26,43,34.5
21,74,47.5
26,58,36.75
4,37,15.833333333333334
19,54,31.4
7,52,29.5
12,22,17.0
7,15,10.333333333333334
23,33,28.0
25,37,31.0
19,45,32.25
6,11,8.5
29,51,36.5
9,51,33.0
17,47,36.666666666666664
0,0,0
9,39,23.5
14,14,14.0
2,27,20.25
12,22,17.0
14,34,20.75
31,31,31.0
4,37,24.0
25,28,26.5
3,22,12.5
12,34,21.5
40,40,40.0
16,35,27.0
10,48,24.666666666666668
10,52,22.0
11,48,29.5
6,35,20.0
8,51,29.25
27,40,33.75
12,24,18.666666666666668
2,31,22.0
0,0,0
3,51,21.6
11,35,22.333333333333332
25,25,25.0
1,55,25.333333333333332
21,40,30.5
4,69,31.6
15,33,23.5
1,29,16.666666666666668
12,20,16.0
0,31,20.333333333333332
15,27,21.0
21,37,29.0
5,19,11.0
9,23,16.0
12,35,22.333333333333332
15,22,18.5
32,38,35.0
13,74,31.0
12,40,29.0
10,41,22.714285714285715
12,31,21.75
13,74,37.333333333333336
5,34,17.0
25,61,40.666666666666664
5,57,28.5
6,22,14.0
18,37,27.5
10,17,13.5
12,58,32.0
15,20,17.5
19,39,29.0
19,45,32.25
36,36,36.0
8,27,18.166666666666668
14,66,40.666666666666664
32,46,39.0
37,42,39.5
23,31,26.666666666666668
8,19,13.5
5,71,34.833333333333336
6,30,21.666666666666668
10,25,16.75
0,23,14.0
17,28,20.666666666666668
10,49,29.75
15,24,19.333333333333332
3,42,17.2
15,48,32.333333333333336
12,38,22.75
17,17,17.0
4,40,19.428571428571427
18,47,28.0
13,29,21.0
9,40,22.0
12,12,12.0
11,18,14.8
6,38,22.0
11,23,17.0
13,17,15.0
28,28,28.0
16,36,26.0
0,28,12.5
34,41,37.5
10,35,19.0
7,17,12.75
33,33,33.0
10,27,18.4
6,37,20.333333333333332
3,21,12.0
0,0,0
0,0,0
17,46,26.75
22,36,30.0
0,0,0.0
10,37,22.8
4,16,11.5
15,24,19.5
23,36,29.25
20,38,27.0
13,33,22.666666666666668
12,61,22.428571428571427
30,30,30.0
11,45,27.0
0,0,0
2,37,24.5
0,9,4.5
6,47,26.0
8,36,20.25
0,22,12.333333333333334
1,45,19.166666666666668
24,47,35.0
3,14,8.5
16,16,16.0
15,29,23.0
12,27,19.5
8,25,17.666666666666668
25,30,27.5
0,0,0
17,41,30.5
4,22,12.666666666666666
11,29,17.0
15,19,17.0
10,25,15.0
10,31,19.6
8,29,18.0
7,30,17.666666666666668
16,16,16.0
6,25,12.666666666666666
9,35,18.5
5,77,29.428571428571427
8,8,8.0
4,61,24.25
15,27,21.333333333333332
12,37,22.5
11,55,25.833333333333332
7,49,23.8
26,26,26.0
11,21,16.0
2,16,9.0
18,28,23.0
19,26,22.0
11,29,17.333333333333332
6,42,28.5
25,27,26.0
1,46,28.0
5,15,10.0
14,45,26.333333333333332
14,18,16.0
14,20,16.333333333333332
47,47,47.0
8,38,24.5
17,22,19.5
10,30,19.0
13,26,20.75
14,49,31.5
7,45,25.0
17,60,32.333333333333336
12,21,16.5
18,37,28.666666666666668
25,29,27.0
14,23,18.5
22,33,27.5
3,48,23.5
27,31,29.0
11,35,23.0
25,25,25.0
1,33,21.75
8,8,8.0
12,31,19.75
27,27,27.0
13,50,27.25
1,20,10.5
23,51,30.75
0,15,7.5
16,39,24.0
27,27,27.0
7,43,19.333333333333332
8,58,28.0
17,30,21.5
2,48,20.6
4,35,18.6
11,25,19.0
2,37,16.875
17,23,20.0
7,49,23.142857142857142
17,57,37.0
2,28,16.25
8,23,15.5
1,44,30.25
10,22,18.0
9,28,18.5
11,49,34.4
23,25,24.333333333333332
23,65,44.0
16,31,24.5
1,40,16.0
23,44,31.0
12,30,23.5
20,20,20.0
14,27,21.0
12,12,12.0
20,20,20.0
11,14,12.666666666666666
20,52,36.0
22,40,31.0
14,55,36.666666666666664
4,68,28.8
2,2,2.0
8,41,22.333333333333332
18,29,23.666666666666668
1,17,9.0
37,37,37.0
7,34,20.5
7,60,29.0
11,46,26.0
27,27,27.0
7,44,21.6
10,35,22.5
2,13,7.5
40,40,40.0
16,26,22.333333333333332
35,35,35.0
21,48,35.0
10,35,22.5
23,29,26.0
11,21,16.0
7,41,19.666666666666668
7,37,22.0
14,49,33.75
12,12,12.0
1,67,24.0
3,33,13.25
8,8,8.0
24,39,31.5
10,13,11.5
17,56,34.333333333333336
8,56,19.6
14,23,18.5
11,53,30.333333333333332
4,32,12.6
5,48,26.5
21,31,24.0
0,0,0
0,31,11.0
24,24,24.0
3,62,23.8
6,15,10.5
17,45,30.0
27,27,27.0
20,47,33.5
20,24,22.0
11,41,26.0
33,33,33.0
4,45,23.666666666666668
28,56,45.4
2,2,2.0
20,39,27.6
2,25,13.5
19,21,20.0
6,21,14.0
5,37,17.0
11,26,17.666666666666668
8,56,32.0
10,10,10.0
2,47,25.666666666666668
7,43,23.333333333333332
0,7,3.5
13,21,16.4
10,26,19.666666666666668
19,53,31.0
17,21,19.0
48,48,48.0
10,29,19.5
18,31,24.5
19,33,26.0
17,47,29.0
46,46,46.0
9,9,9.0
30,30,30.0
7,29,17.6
22,32,26.333333333333332
9,48,25.0
9,26,18.333333333333332
16,49,29.2
3,3,3.0
5,42,24.0
21,21,21.0
9,38,23.0
8,72,36.333333333333336
18,25,21.5
8,47,24.666666666666668
19,28,23.0
5,27,14.2
20,20,20.0
9,28,17.2
13,42,27.5
12,28,19.666666666666668
8,47,21.5
5,28,18.75
24,58,37.0
20,29,24.5
51,51,51.0
3,63,29.75
17,17,17.0
82,82,82.0
16,23,19.5
5,18,11.0
10,36,22.2
25,27,26.0
14,50,28.666666666666668
5,20,9.5
40,40,40.0
20,29,24.75
3,20,14.5
9,36,21.5
33,33,33.0
13,41,22.0
15,31,24.666666666666668
0,29,15.5
1,44,21.333333333333332
29,29,29.0
10,58,27.22222222222222
26,26,26.0
9,56,24.5
6,53,28.4
18,41,30.25
8,16,12.0
15,32,25.25
2,33,17.5
10,44,28.75
14,87,40.75
45,45,45.0
6,31,18.5
21,21,21.0
10,44,23.666666666666668
3,3,3.0
20,54,31.333333333333332
55,55,55.0
7,53,31.0
30,56,43.0
8,34,21.0
14,84,49.0
19,31,25.0
14,51,32.5
27,30,28.5
29,29,29.0
9,32,19.8
14,33,23.5
0,53,19.666666666666668
50,50,50.0
17,54,31.333333333333332
18,44,30.0
6,26,15.5
6,21,13.0
36,44,40.0
20,50,38.0
3,71,20.4
0,0,0
1,58,27.75
19,32,25.5
14,24,19.0
23,26,24.5
17,35,28.0
18,28,23.0
2,33,16.5
21,35,28.666666666666668
6,26,18.25
10,10,10.0
21,60,40.5
6,48,27.0
46,46,46.0
2,30,19.0
26,33,29.5
24,42,33.0
3,39,18.5
11,35,21.0
21,28,24.5
16,34,25.666666666666668
4,25,13.0
0,50,24.25
15,41,28.0
10,51,28.4
17,49,30.666666666666668
9,26,20.0
14,32,22.0
41,41,41.0
23,51,37.0
14,36,22.0
7,47,30.0
34,36,35.0
3,37,24.6
5,22,13.5
40,40,40.0
7,54,32.857142857142854
8,31,18.0
12,36,22.333333333333332
14,58,31.25
11,29,22.142857142857142
23,23,23.0
1,22,12.333333333333334
10,58,32.0
23,59,41.0
7,69,31.333333333333332
15,43,29.0
13,45,32.5
23,40,32.333333333333336
0,95,30.8
0,0,0
13,26,20.4
0,0,0
8,25,14.0
0,0,0
14,32,22.4
4,44,22.4
44,44,44.0
14,26,19.75
17,86,44.666666666666664
8,42,29.0
10,37,18.5
15,28,21.0
30,45,37.25
15,15,15.0
11,68,40.0
6,34,20.0
12,14,13.0
21,26,24.75
12,47,31.333333333333332
17,44,29.0
4,38,25.333333333333332
1,40,20.5
32,32,32.0
13,53,27.666666666666668
11,41,25.25
9,50,33.25
0,0,0
15,39,29.0
1,43,18.0
24,35,29.5
18,44,30.25
38,38,38.0
3,38,20.5
18,28,23.0
29,46,37.333333333333336
1,37,14.5
11,32,20.666666666666668
8,36,21.5
29,29,29.0
6,34,18.833333333333332
25,36,30.0
13,44,29.25
13,48,30.0
7,25,17.4
25,49,36.2
16,16,16.0
4,24,9.25
17,33,23.333333333333332
11,40,25.4
8,46,26.5
7,47,27.857142857142858
4,31,18.0
16,45,28.333333333333332
1,43,18.8
5,22,13.5
18,49,36.0
6,20,14.0
0,0,0
3,39,18.0
8,28,18.0
20,51,30.333333333333332
19,19,19.0
0,57,22.6
9,30,19.5
17,47,29.5
8,25,16.5
16,49,30.6
4,59,20.25
5,47,23.4
16,23,19.5
4,4,4.0
29,45,37.25
7,46,33.0
9,43,26.0
1,39,17.5
10,27,19.0
4,35,17.6
15,62,35.6
45,45,45.0
25,55,41.75
25,32,28.333333333333332
4,11,7.5
0,0,0
13,31,22.666666666666668
7,31,18.0
36,40,38.0
6,33,22.4
34,52,40.666666666666664
12,22,17.0
38,38,38.0
9,49,20.8
26,26,26.0
8,45,22.142857142857142
8,43,27.2
18,59,39.666666666666664
8,41,24.0
12,22,15.5
21,23,22.0
40,48,43.0
24,41,34.666666666666664
16,47,29.0
16,20,18.0
20,30,24.75
32,32,32.0
20,61,40.5
21,21,21.0
6,34,18.0
48,49,48.5
26,60,39.8
6,9,7.5
16,41,28.5
12,27,20.0
6,49,23.5
14,50,31.666666666666668
11,51,27.4
23,46,33.0
28,30,29.0
18,60,32.0
14,38,24.0
12,31,21.5
6,11,8.25
1,12,5.333333333333333
13,24,17.75
15,36,22.0
4,33,16.0
14,43,27.4
4,23,15.0
3,63,21.25
16,16,16.0
17,54,31.666666666666668
25,25,25.0
17,53,35.6
22,45,33.5
11,26,18.666666666666668
30,56,46.0
13,19,16.0
0,55,27.5
3,24,14.2
5,29,17.0
13,55,31.0
8,55,26.6
26,76,47.0
7,32,23.0
65,65,65.0
10,45,29.833333333333332
33,53,42.25
26,26,26.0
24,39,30.0
55,55,55.0
0,0,0
6,66,27.5
2,68,21.75
7,68,23.428571428571427
9,29,22.0
28,62,45.0
1,1,1.0
34,44,39.0
27,28,27.5
3,9,6.0
7,68,26.8
4,36,25.333333333333332
5,48,30.2
16,30,22.25
29,51,41.333333333333336
19,70,45.666666666666664
22,48,38.333333333333336
27,27,27.0
18,72,52.333333333333336
39,39,39.0
31,47,39.0
23,23,23.0
6,15,10.5
27,33,29.75
20,56,43.333333333333336
8,24,16.666666666666668
22,59,40.5
2,30,20.0
0,23,10.0
13,37,26.333333333333332
57,57,57.0
14,63,29.25
6,20,12.5
2,35,18.5
12,37,19.2
50,50,50.0
3,35,22.166666666666668
9,30,18.6
8,62,31.4
65,65,65.0
3,47,27.857142857142858
2,2,2.0
15,76,48.75
35,58,47.333333333333336
12,54,26.0
32,32,32.0
10,48,32.0
69,69,69.0
7,69,24.5
1,81,31.333333333333332
15,50,35.5
2,38,17.333333333333332
18,31,24.5
5,56,36.0
15,70,45.333333333333336
4,4,4.0
25,68,42.333333333333336
5,37,26.75
26,27,26.5
0,73,35.75
22,33,27.5
0,90,48.0
31,60,44.0
18,48,34.666666666666664
9,64,38.2
11,62,36.5
2,55,40.42857142857143
2,8,5.0
4,45,20.0
5,42,24.5
24,29,26.5
9,15,12.5
0,0,0
7,51,21.75
0,0,0
6,37,25.666666666666668
30,44,39.333333333333336
6,57,27.0
0,0,0
13,44,28.5
18,18,18.0
0,45,24.25
22,44,33.2
3,41,18.333333333333332
11,11,11.0
11,77,41.0
4,62,29.2
1,7,3.0
23,46,34.5
7,24,16.25
14,14,14.0
1,60,28.666666666666668
5,11,8.0
5,27,13.333333333333334
20,22,21.0
6,22,12.666666666666666
15,51,36.0
4,39,22.8
7,7,7.0
28,53,40.0
5,7,6.0
7,54,28.25
24,24,24.0
8,17,12.333333333333334
0,56,20.333333333333332
47,47,47.0
12,57,27.0
12,54,27.333333333333332
10,11,10.5
3,34,12.0
0,41,12.0
1,35,13.0
13,13,13.0
6,33,23.5
11,69,35.5
9,95,33.25
10,50,21.25
0,19,10.0
14,30,24.0
10,40,27.666666666666668
5,33,18.5
15,46,30.5
9,29,16.333333333333332
4,14,8.666666666666666
3,38,15.166666666666666
10,23,15.2
17,44,25.0
1,17,9.0
8,41,20.666666666666668
2,70,23.6
19,35,27.0
13,13,13.0
9,54,36.0
6,21,13.0
2,26,14.0
5,8,6.5
23,40,31.5
1,39,16.0
10,10,10.0
27,59,44.333333333333336
11,11,11.0
10,51,28.25
5,28,19.6
56,56,56.0
16,43,33.0
23,23,23.0
9,27,15.75
9,17,12.333333333333334
12,56,34.0
4,30,16.666666666666668
2,23,14.0
10,47,28.5
3,45,21.0
27,31,29.0
1,36,17.833333333333332
17,17,17.0
7,23,13.666666666666666
23,41,32.0
2,58,23.4
14,36,27.666666666666668
2,2,2.0
23,23,23.0
8,23,15.4
7,21,14.0
3,3,3.0
23,23,23.0
0,0,0
8,38,20.4
10,10,10.0
0,0,0
12,31,23.0
24,40,32.0
10,30,18.5
5,19,13.25
8,10,9.0
17,54,30.666666666666668
15,29,20.666666666666668
10,15,12.333333333333334
42,42,42.0
13,32,25.0
2,28,11.0
4,24,15.0
3,15,9.0
2,33,17.5
2,2,2.0
21,21,21.0
12,46,26.25
5,26,12.0
5,60,25.0
5,20,12.75
12,62,31.5
2,13,9.0
2,28,17.6
0,13,6.5
4,16,11.666666666666666
14,35,21.666666666666668
10,25,18.333333333333332
5,5,5.0
3,48,18.75
12,12,12.0
8,42,21.333333333333332
16,17,16.5
0,0,0
5,28,14.75
5,21,11.2
12,27,16.5
6,16,11.0
20,23,21.5
17,25,21.0
6,12,9.0
0,45,22.5
5,27,16.0
15,18,16.5
0,71,29.666666666666668
11,11,11.0
30,30,30.0
8,31,23.0
3,27,13.666666666666666
19,29,24.0
15,73,44.0
6,27,14.2
18,18,18.0
12,30,20.333333333333332
0,0,0
6,25,14.5
0,0,0.0
23,38,31.25
3,51,22.75
14,25,19.5
4,34,19.5
7,27,17.0
16,26,21.0
19,30,24.5
0,0,0
14,39,27.0
13,54,27.666666666666668
22,23,22.5
7,39,18.4
11,24,17.5
21,39,31.0
17,20,18.5
17,40,28.0
5,14,10.333333333333334
11,47,29.0
21,40,29.666666666666668
3,11,7.333333333333333
4,20,12.0
6,28,15.571428571428571
21,21,21.0
7,40,24.75
19,43,31.0
4,19,13.0
30,56,43.0
6,66,27.0
40,40,40.0
8,29,15.25
6,38,21.5
10,11,10.5
15,22,18.666666666666668
5,34,20.0
10,24,16.333333333333332
14,24,19.0
6,46,24.666666666666668
11,11,11.0
5,28,18.666666666666668
9,27,17.0
9,42,28.333333333333332
8,30,17.75
10,45,26.75
19,19,19.0
6,25,14.25
31,44,36.0
9,37,20.666666666666668
3,28,15.6
0,3,1.5
11,56,36.0
15,31,23.0
5,57,23.333333333333332
15,15,15.0
18,18,18.0
7,30,15.75
26,51,40.333333333333336
21,26,23.0
21,21,21.0
8,21,12.666666666666666
9,44,23.333333333333332
1,16,8.5
7,8,7.5
9,69,37.333333333333336
30,30,30.0
26,42,31.333333333333332
8,32,20.0
15,15,15.0
15,31,23.0
12,39,20.75
6,24,13.0
10,69,39.5
12,43,30.0
13,38,25.5
13,63,30.6
24,24,24.0
22,42,34.333333333333336
11,40,29.25
8,55,28.333333333333332
9,35,22.2
5,38,19.333333333333332
3,45,23.0
32,42,36.333333333333336
0,27,9.666666666666666
20,26,23.0
16,41,24.25
11,56,27.5
22,26,24.666666666666668
22,30,26.0
4,32,16.0
18,28,23.0
19,37,32.2
9,29,20.4
8,23,15.0
38,49,43.0
27,27,27.0
22,48,34.5
3,43,26.666666666666668
6,39,22.5
7,16,11.0
15,43,29.666666666666668
20,32,26.0
6,36,18.4
7,25,16.0
14,58,33.0
10,17,12.666666666666666
17,20,18.5
0,60,25.25
15,22,18.5
0,10,5.0
24,46,31.333333333333332
31,41,36.0
14,51,32.5
40,40,40.0
3,45,23.333333333333332
0,0,0
14,57,26.2
21,21,21.0
12,27,18.5
8,43,21.333333333333332
4,41,24.0
5,10,7.5
6,67,23.0
37,37,37.0
0,18,10.75
28,47,37.5
5,25,13.333333333333334
0,82,26.25
28,28,28.0
28,43,34.5
23,50,31.75
40,56,48.0
10,53,31.5
8,28,18.333333333333332
13,54,31.0
11,30,21.333333333333332
25,38,32.75
58,58,58.0
20,20,20.0
6,42,31.0
8,9,8.5
22,35,28.5
7,11,9.0
11,31,21.0
13,66,36.6
8,24,13.333333333333334
19,63,34.0
4,17,12.666666666666666
25,44,33.4
2,2,2.0
3,50,22.0
27,59,38.333333333333336
5,48,21.25
13,29,20.666666666666668
12,43,30.0
14,38,28.6
2,27,11.333333333333334
17,48,29.5
0,0,0
6,36,20.333333333333332
19,47,35.333333333333336
12,58,35.833333333333336
24,35,29.5
24,45,37.0
25,49,36.0
11,11,11.0
11,20,15.75
5,47,26.0
22,102,51.333333333333336
25,50,36.333333333333336
9,22,15.5
21,21,21.0
16,16,16.0
37,47,42.0
36,107,71.5
4,37,18.4
14,38,23.75
4,50,25.8
14,45,32.0
0,0,0
22,55,38.5
1,34,20.0
14,58,29.0
10,59,31.25
12,45,28.666666666666668
17,17,17.0
8,44,21.666666666666668
12,35,23.5
29,48,38.5
12,34,21.0
44,44,44.0
6,42,23.333333333333332
12,39,24.0
26,54,36.666666666666664
30,45,37.5
17,56,36.5
20,36,25.75
29,55,42.0
18,26,23.0
29,29,29.0
11,69,36.625
0,0,0
2,62,29.6
14,49,28.4
17,24,21.333333333333332
12,31,21.5
0,0,0
18,34,26.285714285714285
21,21,21.0
21,53,36.5
28,33,31.0
45,54,49.5
4,58,33.714285714285715
24,25,24.5
12,25,18.5
10,45,28.0
1,69,28.0
6,28,18.5
7,59,27.25
19,29,24.0
19,36,30.0
13,46,29.25
29,35,32.0
1,38,24.857142857142858
1,31,15.666666666666666
12,15,13.5
11,24,17.5
11,59,32.6
16,34,24.666666666666668
26,45,35.5
86,86,86.0
40,52,46.0
6,48,24.0
51,51,51.0
36,51,43.333333333333336
17,74,40.333333333333336
10,34,22.0
6,39,18.0
17,30,23.5
15,54,38.0
8,21,14.5
31,40,35.5
6,31,19.0
0,0,0
18,33,23.142857142857142
7,35,21.25
18,18,18.0
2,35,16.333333333333332
21,50,34.666666666666664
17,70,41.666666666666664
34,45,39.5
13,43,28.75
28,45,36.5
6,37,23.5
2,35,23.666666666666668
6,31,20.333333333333332
11,38,24.333333333333332
19,57,34.0
31,55,41.333333333333336
20,48,28.8
12,46,29.0
14,36,25.666666666666668
25,38,32.5
4,94,48.0
21,21,21.0
11,58,32.0
14,37,29.2
7,7,7.0
10,48,26.333333333333332
15,28,23.5
2,68,35.4
21,46,34.333333333333336
8,49,29.6
16,37,26.333333333333332
26,26,26.0
20,38,28.8
9,48,27.5
33,52,40.0
9,62,37.285714285714285
5,14,9.5
5,58,28.333333333333332
11,45,27.0
14,29,19.0
56,56,56.0
18,80,37.4
16,52,34.0
25,61,40.8
28,34,30.666666666666668
21,69,45.0
17,53,28.25
13,38,25.0
16,48,31.5
0,0,0
15,63,35.875
23,40,29.333333333333332
14,23,19.75
12,50,25.333333333333332
18,72,32.333333333333336
42,42,42.0
5,55,25.0
15,15,15.0
9,41,23.75
17,21,19.0
19,29,24.0
22,36,28.75
24,24,24.0
14,56,34.0
2,33,17.5
29,61,41.75
12,44,32.0
0,0,0
13,89,37.0
0,43,22.0
8,36,22.0
28,78,53.0
3,36,23.0
18,18,18.0
7,43,23.5
2,63,24.0
8,35,20.0
43,43,43.0
11,36,26.75
23,87,55.0
19,19,19.0
29,60,44.5
22,27,24.0
19,47,31.0
15,15,15.0
6,58,26.333333333333332
8,46,23.6
15,56,35.5
7,26,19.5
45,45,45.0
22,56,33.333333333333336
22,51,34.8
38,41,39.5
16,56,35.75
18,34,26.0
8,63,28.625
21,64,39.0
10,58,26.875
53,53,53.0
15,70,47.142857142857146
15,76,45.5
53,59,55.0
14,52,38.333333333333336
25,42,31.0
25,56,40.5
12,56,33.25
39,49,44.0
11,14,12.5
31,61,46.0
13,27,20.0
52,52,52.0
24,76,44.2
4,55,28.25
98,98,98.0
7,16,11.5
7,26,16.5
4,53,28.0
45,75,62.0
18,46,35.333333333333336
0,0,0
11,64,39.25
8,44,26.25
53,53,53.0
8,38,24.0
16,49,34.25
20,45,32.666666666666664
2,56,25.0
20,57,35.0
23,63,37.0
14,51,32.5
16,80,40.0
17,17,17.0
9,26,17.666666666666668
3,61,39.666666666666664
45,45,45.0
19,36,28.0
21,77,39.75
91,91,91.0
18,68,38.333333333333336
0,58,21.166666666666668
19,19,19.0
10,73,48.8
26,26,26.0
4,24,11.2
22,60,35.2
5,52,28.5
5,33,19.0
17,30,23.5
10,20,15.0
4,8,6.0
33,63,50.666666666666664
9,34,21.5
1,18,11.666666666666666
23,23,23.0
10,59,33.5
16,40,28.0
10,46,28.0
9,21,17.0
4,15,11.75
0,53,23.666666666666668
2,24,13.75
6,29,21.0
13,20,16.5
24,48,39.666666666666664
42,48,45.25
15,23,19.0
2,48,20.0
9,57,23.25
44,44,44.0
21,41,33.666666666666664
23,48,37.0
30,30,30.0
5,67,42.333333333333336
4,4,4.0
26,57,48.75
20,33,27.25
1,52,22.666666666666668
6,33,25.0
29,36,32.5
8,31,17.25
22,32,27.333333333333332
19,49,30.0
16,39,29.0
8,16,12.0
42,74,58.0
25,70,40.75
1,47,14.25
14,35,21.666666666666668
45,70,56.0
3,8,4.5
3,42,23.8
2,52,25.6
10,73,40.666666666666664
59,59,59.0
3,70,27.142857142857142
15,18,16.5
14,90,35.375
25,25,25.0
9,45,23.666666666666668
22,65,37.0
0,0,0
1,36,17.6
14,34,24.0
6,31,20.0
13,38,22.2
28,36,31.5
2,67,30.5
31,68,47.75
12,38,22.0
15,32,25.25
7,61,26.666666666666668
5,5,5.0
15,63,32.125
22,23,22.5
4,46,19.5
13,62,39.75
13,26,19.8
0,0,0
1,64,25.6
37,41,39.0
9,32,23.25
34,36,35.0
19,35,25.8
18,35,26.5
14,43,24.333333333333332
29,37,33.0
10,57,33.5
27,36,31.666666666666668
9,85,34.5
17,19,18.0
14,36,23.833333333333332
12,12,12.0
23,31,27.0
3,70,27.8
33,49,41.0
21,51,37.5
16,56,30.333333333333332
17,46,34.75
1,31,12.666666666666666
13,30,21.666666666666668
2,37,18.4
13,41,27.0
16,34,26.5
26,49,37.666666666666664
8,37,18.333333333333332
18,49,33.5
42,42,42.0
7,40,19.333333333333332
12,12,12.0
14,44,24.0
0,0,0.0
43,60,51.5
11,47,25.0
48,48,48.0
4,19,9.75
29,29,29.0
26,38,32.333333333333336
2,64,34.2
6,49,24.4
25,49,33.4
14,43,28.5
2,58,27.0
26,37,31.5
3,85,28.571428571428573
23,38,30.666666666666668
16,30,23.0
28,65,46.5
9,22,15.5
0,56,29.333333333333332
16,46,31.333333333333332
7,72,38.75
4,42,23.0
23,23,23.0
0,0,0
0,37,15.666666666666666
39,39,39.0
31,59,41.0
2,32,20.25
38,38,38.0
0,0,0
19,33,26.0
18,18,18.0
19,33,26.0
8,73,32.0
1,16,9.333333333333334
3,22,14.333333333333334
24,59,41.0
9,38,23.5
14,32,23.0
7,9,7.5
22,22,22.0
14,78,36.666666666666664
0,17,6.25
15,40,25.25
0,52,22.333333333333332
13,96,54.5
10,32,19.0
15,55,35.0
6,6,6.0
10,62,27.4
3,32,17.333333333333332
1,23,13.0
16,37,26.5
14,30,21.0
4,4,4.0
9,37,22.5
16,48,34.666666666666664
47,47,47.0
12,63,39.25
5,26,16.666666666666668
14,58,32.333333333333336
14,14,14.0
8,79,37.5
17,59,34.666666666666664
7,36,21.0
18,33,25.5
11,42,27.0
7,54,24.25
12,56,32.166666666666664
10,52,25.0
9,16,12.5
9,44,28.0
13,51,27.666666666666668
28,35,30.333333333333332
13,55,31.2
0,0,0
6,46,21.8
0,0,0
41,54,47.5
19,36,26.666666666666668
10,36,24.0
2,25,15.333333333333334
12,20,16.0
12,62,26.6
0,20,11.666666666666666
4,23,11.2
23,46,34.5
19,24,21.5
5,38,22.8
11,27,19.0
1,27,15.166666666666666
10,19,14.5
14,66,27.333333333333332
3,30,16.333333333333332
4,24,13.5
5,29,15.833333333333334
17,28,22.5
1,20,12.666666666666666
5,34,25.0
5,26,12.0
8,9,8.333333333333334
4,19,12.75
12,24,17.666666666666668
17,36,28.25
59,59,59.0
8,12,10.0
14,36,26.0
6,31,19.333333333333332
9,9,9.0
16,24,20.0
6,38,20.2
21,21,21.0
0,0,0
1,57,18.428571428571427
15,39,24.666666666666668
22,32,28.333333333333332
9,67,30.0
8,30,18.333333333333332
11,28,18.0
16,24,20.333333333333332
14,32,23.0
3,32,20.75
1,56,28.5
6,6,6.0
14,93,37.5
12,12,12.0
10,31,20.0
19,34,24.5
19,27,23.0
8,18,13.0
4,43,19.0
43,43,43.0
12,18,16.0
4,4,4.0
12,31,23.8
3,7,5.0
20,25,22.5
2,44,22.25
13,13,13.0
29,29,29.0
16,25,20.5
6,59,32.5
30,33,31.5
4,16,10.0
0,0,0
7,25,14.0
45,45,45.0
9,50,32.75
3,45,16.75
10,34,18.333333333333332
7,46,21.0
20,32,25.0
3,28,15.5
8,13,10.666666666666666
7,26,14.0
19,20,19.5
12,30,21.0
14,31,22.0
0,0,0
17,20,18.5
13,13,13.0
19,28,23.0
11,26,18.0
5,5,5.0
17,48,30.666666666666668
4,14,7.666666666666667
6,14,10.0
3,16,9.5
9,28,19.75
6,16,11.0
22,46,28.75
28,40,32.666666666666664
6,25,14.0
1,39,15.0
2,28,13.0
8,51,29.5
16,71,43.5
9,9,9.0
1,29,12.333333333333334
11,33,22.0
6,14,10.333333333333334
8,47,23.75
11,41,24.333333333333332
0,0,0
5,60,25.0
20,37,28.5
6,43,22.5
12,43,29.0
7,35,18.25
7,47,21.666666666666668
9,46,22.666666666666668
19,21,20.0
14,32,24.2
17,44,27.75
1,23,14.333333333333334
0,0,0
6,44,18.666666666666668
20,29,24.0
4,27,17.75
15,41,24.666666666666668
31,41,35.333333333333336
13,13,13.0
1,1,1.0
19,32,25.5
18,18,18.0
10,26,19.2
12,27,19.5
11,32,21.5
3,26,14.5
11,48,30.666666666666668
10,12,11.0
7,27,17.0
7,39,23.75
18,38,28.0
4,8,6.0
23,34,30.0
26,26,26.0
0,22,11.0
1,33,13.333333333333334
0,27,16.8
4,47,20.666666666666668
2,31,15.166666666666666
0,0,0
7,32,19.666666666666668
17,23,20.0
7,53,25.333333333333332
5,32,18.5
10,70,34.0
20,52,32.25
3,63,31.6
11,39,24.2
0,0,0
3,50,26.5
32,42,37.0
27,39,33.0
4,32,18.0
0,0,0
18,38,31.333333333333332
27,60,43.5
9,70,27.0
28,40,33.0
20,28,24.0
11,33,22.0
6,36,23.166666666666668
21,35,28.0
7,30,17.8
15,27,22.0
3,32,19.6
42,73,57.5
1,26,13.166666666666666
57,57,57.0
15,33,24.0
23,47,32.0
11,22,17.75
0,66,28.0
34,68,51.0
9,22,14.666666666666666
7,29,19.25
13,13,13.0
18,33,23.666666666666668
0,0,0
15,70,42.5
11,68,33.0
1,63,27.0
6,6,6.0
9,10,9.5
5,55,30.666666666666668
4,37,21.666666666666668
3,3,3.0
17,43,29.333333333333332
2,57,21.75
11,27,17.333333333333332
28,70,49.0
1,47,24.0
16,30,23.0
24,63,37.5
22,70,46.0
11,35,19.333333333333332
40,40,40.0
6,88,29.571428571428573
10,77,43.0
11,50,30.5
21,21,21.0
12,54,36.5
14,17,15.5
13,59,33.833333333333336
4,20,11.75
22,43,32.5
12,31,20.0
4,6,5.0
3,80,29.25
21,37,29.0
19,90,57.75
9,38,24.25
17,49,31.6
5,40,22.5
18,55,29.0
14,41,24.666666666666668
15,15,15.0
8,80,33.2
0,0,0
10,36,23.333333333333332
13,72,32.75
18,44,30.333333333333332
64,64,64.0
5,67,29.0
16,50,28.666666666666668
19,24,21.5
19,27,21.666666666666668
30,30,30.0
3,91,35.4
19,26,22.333333333333332
10,22,17.333333333333332
53,61,56.666666666666664
18,27,22.5
3,64,26.666666666666668
15,70,36.0
34,90,53.0
17,43,28.2
15,28,23.8
18,49,33.333333333333336
14,27,22.75
29,29,29.0
16,62,40.25
31,62,50.0
16,62,32.0
22,27,24.666666666666668
10,37,23.5
16,81,41.666666666666664
26,72,44.0
6,46,21.25
30,30,30.0
11,55,34.75
8,21,14.5
4,44,21.666666666666668
29,29,29.0
14,69,30.75
12,43,31.333333333333332
0,0,0
20,29,24.2
16,40,31.666666666666668
4,36,20.5
3,3,3.0
12,58,31.857142857142858
28,35,31.5
13,51,24.5
20,39,30.333333333333332
17,51,32.666666666666664
10,19,15.666666666666666
39,39,39.0
11,35,24.333333333333332
8,30,22.8
52,70,61.0
20,20,20.0
17,40,27.333333333333332
1,46,24.5
0,37,15.75
5,61,33.0
17,44,25.6
21,35,29.0
11,28,19.5
12,91,45.0
9,9,9.0
8,76,39.25
8,20,14.0
12,42,25.666666666666668
6,79,42.5
5,37,27.75
13,34,23.0
3,48,18.666666666666668
14,60,28.833333333333332
20,35,25.6
9,55,32.0
12,33,20.6
14,53,36.666666666666664
2,44,23.5
21,39,27.0
11,57,34.0
0,0,0
10,89,32.0
0,0,0
5,12,7.333333333333333
26,67,46.5
39,67,47.8
12,47,29.5
15,33,23.0
3,47,31.5
22,26,24.0
19,19,19.0
21,56,38.5
7,48,21.75
28,28,28.0
15,27,21.0
36,36,36.0
10,10,10.0
0,0,0.0
7,45,20.5
16,47,30.75
30,45,41.0
26,45,35.5
15,36,28.333333333333332
13,24,18.5
1,54,25.6
27,27,27.0
12,43,29.25
18,81,42.25
20,46,32.0
15,60,41.666666666666664
8,15,11.5
26,42,34.0
20,36,26.333333333333332
1,22,11.5
11,29,17.333333333333332
39,60,49.5
11,67,41.25
18,34,26.5
14,26,19.0
33,90,49.25
3,56,28.666666666666668
4,4,4.0
19,76,45.6
29,45,36.0
30,58,44.0
19,49,29.6
6,6,6.0
6,26,16.0
2,68,27.2
12,33,23.666666666666668
9,26,17.5
8,73,38.0
12,38,26.6
21,55,36.333333333333336
11,50,30.0
47,47,47.0
6,55,27.2
18,44,32.333333333333336
25,55,40.0
0,42,17.625
8,47,26.0
15,47,34.0
6,94,42.0
14,38,22.4
86,86,86.0
21,40,30.5
2,51,23.666666666666668
6,35,21.333333333333332
20,82,44.75
22,23,22.5
5,71,34.2
14,24,19.0
31,42,37.25
25,25,25.0
10,32,21.0
24,24,24.0
10,10,10.0
13,31,22.0
19,37,30.0
0,19,9.5
7,37,24.5
26,29,27.5
44,44,44.0
0,45,26.5
0,0,0
24,63,37.666666666666664
5,39,20.75
16,33,24.5
2,38,22.75
16,34,25.0
19,20,19.5
20,65,40.8
8,31,18.333333333333332
4,29,16.0
1,35,14.0
15,45,28.666666666666668
2,28,18.2
7,29,16.666666666666668
6,48,26.5
19,42,32.8
34,38,36.0
7,53,35.333333333333336
8,78,41.0
14,37,26.0
13,44,28.5
13,27,20.0
2,45,20.166666666666668
0,0,0
9,41,23.25
7,31,19.0
31,31,31.0
2,50,26.8
29,36,32.5
16,36,23.0
42,42,42.0
28,40,32.666666666666664
24,33,28.5
47,47,47.0
3,61,29.0
12,42,22.0
20,43,31.5
1,47,26.5
11,64,34.333333333333336
12,18,15.0
4,4,4.0
24,24,24.0
0,34,15.25
18,78,48.0
13,53,39.666666666666664
44,44,44.0
6,32,19.0
3,29,21.75
13,19,16.0
12,89,46.0
1,49,20.0
13,66,35.42857142857143
5,40,22.5
3,87,38.0
26,55,40.5
13,20,16.5
1,17,9.0
11,76,43.5
11,63,35.666666666666664
2,44,24.833333333333332
1,76,42.0
4,33,22.25
11,24,16.333333333333332
9,42,28.0
2,55,28.5
6,46,18.5
3,54,29.833333333333332
3,25,11.333333333333334
9,46,23.0
39,51,45.0
7,32,18.0
2,58,28.2
15,50,33.0
3,43,25.25
12,27,18.333333333333332
16,36,28.75
8,36,28.25
18,57,33.6
15,15,15.0
8,33,22.6
0,0,0
16,55,31.2
19,21,20.0
19,31,25.0
13,18,15.5
6,18,11.333333333333334
10,47,31.25
14,17,15.666666666666666
12,12,12.0
4,21,12.0
30,48,39.0
38,51,42.333333333333336
5,73,30.5
9,57,33.2
13,25,19.0
15,63,28.4
10,12,11.0
28,45,36.5
12,20,16.666666666666668
23,44,33.5
43,43,43.0
15,15,15.0
5,55,19.75
11,71,37.666666666666664
1,58,23.166666666666668
7,47,27.333333333333332
25,50,34.333333333333336
16,64,35.25
8,55,30.75
28,28,28.0
9,53,28.285714285714285
33,33,33.0
29,66,47.5
16,62,36.75
18,54,35.0
48,48,48.0
11,46,26.0
21,31,26.0
6,38,22.2
67,67,67.0
9,25,15.666666666666666
10,14,12.333333333333334
9,34,22.333333333333332
5,39,21.8
21,40,29.5
1,31,16.6
11,14,12.333333333333334
4,29,18.5
11,71,34.4
31,55,43.0
10,22,18.2
13,47,30.0
12,14,13.0
23,49,36.0
18,35,26.666666666666668
7,36,21.5
4,46,25.6
11,20,16.0
13,33,22.75
9,9,9.0
7,55,25.25
20,25,23.0
5,6,5.5
16,28,22.0
8,22,14.666666666666666
5,5,5.0
0,60,15.222222222222221
17,17,17.0
11,18,14.5
13,63,45.666666666666664
8,26,17.5
4,4,4.0
8,50,28.2
24,39,32.333333333333336
0,29,12.666666666666666
0,43,19.0
9,33,21.0
3,33,19.0
18,61,39.5
29,29,29.0
9,21,15.0
2,13,8.666666666666666
8,40,22.333333333333332
10,70,34.333333333333336
10,42,25.0
2,25,13.5
27,27,27.0
7,24,15.5
2,2,2.0
8,34,22.0
21,21,21.0
36,38,37.0
13,73,35.666666666666664
19,26,22.5
12,12,12.0
19,19,19.0
0,0,0
10,57,30.125
0,0,0
4,24,15.2
7,39,21.333333333333332
8,22,13.333333333333334
6,16,11.0
29,29,29.0
6,33,17.0
4,18,11.0
15,15,15.0
15,36,27.0
8,32,15.75
5,42,24.5
13,41,21.75
16,40,28.0
4,12,7.75
24,27,25.333333333333332
7,35,22.666666666666668
24,24,24.0
5,46,28.666666666666668
24,41,32.25
31,57,44.0
5,43,24.0
12,30,18.666666666666668
38,38,38.0
32,43,37.333333333333336
0,0,0
10,34,21.666666666666668
14,26,20.0
36,36,36.0
22,29,25.5
14,14,14.0
10,39,25.0
26,48,34.666666666666664
1,19,10.333333333333334
10,21,16.5
51,51,51.0
15,23,19.0
6,46,24.8
14,26,20.0
5,50,25.8
10,11,10.666666666666666
21,30,25.75
15,35,22.333333333333332
2,30,14.0
17,41,28.75
1,26,11.75
1,30,16.5
3,40,18.0
3,46,18.666666666666668
2,20,13.666666666666666
2,36,17.833333333333332
1,35,20.4
2,36,14.25
21,25,23.2
10,25,15.25
19,19,19.0
8,49,19.0
11,15,13.0
17,38,27.5
9,36,20.666666666666668
39,39,39.0
3,41,20.75
15,15,15.0
3,25,19.5
27,27,27.0
10,43,24.4
10,35,25.0
15,36,25.666666666666668
13,59,33.666666666666664
3,28,17.0
11,21,15.0
19,27,23.75
4,29,16.5
2,13,7.5
5,38,23.5
10,10,10.0
9,30,19.25
12,49,28.6
29,49,39.666666666666664
0,0,0
9,48,27.5
6,38,18.285714285714285
3,22,10.333333333333334
4,38,17.0
12,35,20.333333333333332
17,37,30.25
6,52,25.571428571428573
42,42,42.0
19,33,28.333333333333332
9,40,18.25
8,29,19.5
6,16,9.25
18,70,36.666666666666664
13,27,21.666666666666668
10,60,32.333333333333336
16,49,32.25
5,38,18.75
11,34,24.666666666666668
11,64,41.666666666666664
0,0,0
22,52,32.5
18,18,18.0
0,33,17.75
11,23,18.0
35,66,50.75
7,36,25.0
6,56,26.8
8,39,21.666666666666668
13,59,33.833333333333336
3,57,21.666666666666668
6,48,27.0
18,30,24.0
15,43,28.666666666666668
2,26,13.666666666666666
10,11,10.5
6,16,11.0
33,49,41.0
22,22,22.0
6,40,18.333333333333332
21,21,21.0
1,27,16.666666666666668
7,26,19.0
0,0,0
9,47,28.0
34,55,44.5
7,20,14.25
23,23,23.0
0,0,0
28,39,33.5
0,0,0
7,11,9.0
15,34,26.75
0,66,28.5
58,58,58.0
8,43,24.4
13,23,18.0
13,27,20.2
23,49,37.333333333333336
33,44,38.5
15,45,29.6
6,26,18.0
5,44,24.0
42,42,42.0
7,20,14.0
25,30,27.5
11,64,34.333333333333336
18,18,18.0
48,48,48.0
12,51,29.666666666666668
7,44,26.5
33,59,45.333333333333336
31,45,38.0
13,13,13.0
0,30,19.5
25,25,25.0
10,44,26.666666666666668
6,6,6.0
18,18,18.0
8,44,26.0
2,60,20.4
20,27,23.5
8,16,12.0
15,34,21.6
0,0,0
8,27,17.5
17,17,17.0
18,34,24.0
3,44,19.4
3,60,31.5
15,40,27.5
46,46,46.0
22,58,41.0
35,35,35.0
6,16,11.5
21,38,29.5
8,42,24.5
1,52,19.5
21,21,21.0
8,46,23.333333333333332
10,45,22.333333333333332
1,35,18.6
19,28,22.666666666666668
0,31,16.2
12,56,34.0
40,40,40.0
21,60,40.5
6,33,15.833333333333334
4,22,13.0
0,25,11.5
0,0,0
12,55,31.625
8,26,17.0
13,13,13.0
15,31,21.5
9,40,25.666666666666668
12,20,16.0
21,28,24.5
8,38,19.5
4,39,19.4
13,40,27.666666666666668
13,23,18.0
13,13,13.0
21,41,31.0
29,29,29.0
23,56,43.333333333333336
14,24,19.0
0,36,18.4
18,18,18.0
13,21,18.5
15,15,15.0
12,45,28.5
10,27,21.0
36,36,36.0
12,40,23.333333333333332
0,20,8.8
17,17,17.0
13,38,29.0
23,44,35.0
0,0,0.0
7,18,12.5
8,42,28.25
7,44,22.333333333333332
18,18,18.0
20,33,24.666666666666668
0,0,0
0,39,19.5
32,32,32.0
3,68,29.833333333333332
32,32,32.0
2,34,23.0
2,22,10.333333333333334
17,27,22.0
4,43,19.4
5,25,13.833333333333334
7,32,19.5
4,53,25.6
10,33,23.5
3,22,15.333333333333334
11,31,21.0
10,63,37.0
12,46,30.0
0,0,0
12,59,31.75
11,39,25.5
7,36,23.5
28,30,29.333333333333332
10,55,26.4
9,34,18.4
14,33,23.5
0,0,0
10,57,33.5
19,29,24.0
0,0,0
19,80,35.0
9,9,9.0
16,48,31.25
17,30,23.666666666666668
20,59,31.4
10,35,22.5
10,36,21.0
11,34,22.75
13,49,33.333333333333336
1,61,24.2
17,17,17.0
4,11,7.5
0,35,14.0
9,10,9.5
17,37,26.25
8,64,24.25
28,34,31.0
34,34,34.0
0,0,0
18,32,25.0
10,32,18.333333333333332
8,14,11.0
14,50,26.333333333333332
19,46,32.5
52,52,52.0
4,12,8.0
0,0,0
12,61,27.833333333333332
14,15,14.5
14,24,18.666666666666668
9,15,12.0
4,35,19.75
10,33,21.5
1,33,19.25
5,33,18.333333333333332
14,50,25.8
15,27,21.0
11,37,27.333333333333332
9,14,11.5
5,35,17.2
22,30,26.0
30,37,33.5
4,12,8.333333333333334
3,21,12.75
4,41,29.5
21,21,21.0
9,58,33.5
10,33,20.0
6,39,22.5
18,25,21.333333333333332
11,27,17.0
7,40,21.0
16,16,16.0
9,45,27.0
5,19,10.0
38,38,38.0
11,66,43.0
25,25,25.0
6,30,15.333333333333334
12,32,23.5
9,32,17.166666666666668
48,48,48.0
10,44,19.666666666666668
0,0,0
18,44,31.0
10,36,21.0
0,0,0
4,39,18.0
19,27,23.0
10,29,19.5
7,40,25.75
6,30,18.0
10,26,16.0
10,41,21.333333333333332
22,65,37.666666666666664
1,60,24.285714285714285
6,15,12.0
52,52,52.0
3,25,14.0
26,31,28.5
6,44,23.2
12,47,29.5
7,44,22.2
47,47,47.0
2,24,14.2
11,44,27.5
9,17,13.0
22,22,22.0
11,45,28.0
3,39,18.5
11,18,14.5
0,45,23.0
4,9,6.5
15,47,33.5
21,49,33.6
16,54,31.666666666666668
7,83,29.0
30,37,33.333333333333336
5,38,20.0
34,37,35.5
11,33,23.0
18,46,26.6
25,62,35.25
24,24,24.0
9,44,23.666666666666668
14,36,24.0
1,34,22.25
5,44,28.4
4,42,22.5
30,30,30.0
25,25,25.0
8,39,21.5
4,25,14.5
14,44,28.666666666666668
15,41,23.857142857142858
1,26,13.5
12,34,25.25
20,39,28.0
20,30,25.25
13,38,21.75
17,37,27.0
22,45,30.0
17,22,20.333333333333332
17,30,22.0
20,20,20.0
11,26,19.0
22,61,41.5
13,38,25.75
4,38,23.666666666666668
4,52,26.833333333333332
32,50,38.0
18,41,30.333333333333332
10,22,16.0
5,43,23.6
0,0,0
20,43,29.6
11,17,14.0
7,67,25.4
22,33,27.5
2,32,18.666666666666668
26,26,26.0
12,72,40.0
8,26,17.0
23,59,37.333333333333336
6,43,29.666666666666668
6,22,16.25
18,64,41.0
10,38,23.666666666666668
3,63,21.6
16,16,16.0
30,62,46.0
10,47,26.5
17,37,27.0
2,42,22.0
6,29,21.5
8,42,29.25
3,3,3.0
16,49,29.333333333333332
12,40,27.333333333333332
25,46,35.25
17,45,30.5
19,67,41.5
12,12,12.0
5,32,20.75
12,67,35.0
28,28,28.0
17,23,20.0
24,37,30.0
25,25,25.0
0,5,2.5
1,43,22.0
17,17,17.0
11,48,30.0
19,19,19.0
7,31,22.5
1,34,13.333333333333334
7,22,12.333333333333334
0,25,12.25
16,33,24.5
7,58,26.2
30,30,30.0
17,17,17.0
8,44,31.666666666666668
8,31,16.0
5,43,19.0
21,71,39.0
3,6,4.5
21,44,29.333333333333332
3,32,12.2
6,56,22.333333333333332
0,26,14.666666666666666
3,72,26.444444444444443
23,40,29.333333333333332
4,27,18.25
12,35,20.0
0,75,28.8
8,37,24.75
21,35,29.75
0,0,0
2,20,12.666666666666666
68,68,68.0
9,60,33.0
0,0,0
21,38,30.333333333333332
12,78,28.0
12,47,23.0
12,12,12.0
14,42,28.0
16,16,16.0
5,37,18.0
39,39,39.0
2,34,13.75
41,42,41.5
13,28,18.666666666666668
14,30,22.0
17,18,17.5
6,26,16.333333333333332
0,0,0
8,42,29.333333333333332
15,56,29.333333333333332
13,58,32.333333333333336
0,56,28.0
8,56,32.0
10,30,19.666666666666668
14,37,24.0
4,33,21.333333333333332
1,1,1.0
18,27,24.0
12,12,12.0
0,20,10.0
12,22,15.333333333333334
17,17,17.0
11,74,38.666666666666664
6,19,10.666666666666666
10,30,22.0
43,56,49.5
13,57,35.0
22,52,37.0
11,20,15.5
23,37,29.5
13,13,13.0
25,44,34.5
4,59,27.0
16,63,39.333333333333336
14,74,44.0
29,29,29.0
10,36,23.0
0,0,0
1,49,25.5
9,13,11.0
2,11,6.5
13,29,19.6
5,10,6.5
1,45,26.5
47,47,47.0
7,16,11.666666666666666
12,40,23.0
16,43,29.5
0,42,18.6
0,27,13.0
11,34,22.75
3,3,3.0
2,25,14.666666666666666
21,57,37.2
7,36,21.333333333333332
16,16,16.0
1,38,19.5
9,40,22.666666666666668
2,41,21.2
3,3,3.0
4,38,22.0
1,24,13.8
8,35,20.8
8,8,8.0
4,51,19.0
13,30,20.0
16,16,16.0
14,58,30.5
17,60,34.0
4,47,21.4
9,18,13.5
10,34,21.714285714285715
7,15,10.666666666666666
13,29,22.25
7,35,27.5
11,42,20.4
12,18,14.666666666666666
9,31,20.0
17,27,22.666666666666668
12,12,12.0
5,20,11.5
12,17,14.666666666666666
3,31,17.2
4,19,13.75
9,43,28.666666666666668
8,28,15.8
0,0,0
18,20,19.0
0,0,0.0
0,32,16.0
14,14,14.0
4,31,16.333333333333332
5,21,13.333333333333334
22,28,25.0
12,28,20.333333333333332
30,38,34.0
5,11,8.0
5,25,15.0
15,24,19.5
8,32,20.25
25,25,25.0
6,15,9.333333333333334
4,27,17.333333333333332
13,18,15.5
12,30,21.0
16,36,23.333333333333332
13,33,23.25
0,20,8.333333333333334
39,39,39.0
5,15,10.333333333333334
37,37,37.0
20,31,25.4
22,30,25.666666666666668
6,26,19.333333333333332
11,40,24.75
12,15,13.5
5,34,13.0
23,45,34.0
6,9,7.666666666666667
9,26,16.75
16,30,22.666666666666668
3,3,3.0
10,45,28.0
5,27,14.666666666666666
8,10,9.0
3,45,20.75
12,39,25.5
4,38,14.0
0,14,5.25
14,31,21.666666666666668
12,41,26.0
18,25,20.666666666666668
40,40,40.0
7,11,8.666666666666666
7,35,18.2
22,22,22.0
1,13,8.333333333333334
15,15,15.0
10,31,19.0
12,13,12.333333333333334
13,23,17.75
8,41,19.666666666666668
7,37,19.0
8,54,29.6
27,37,30.5
2,52,18.0
27,30,28.5
2,22,13.666666666666666
9,24,16.5
11,37,22.5
2,29,16.4
6,16,11.0
0,0,0
14,16,15.5
22,22,22.0
10,22,14.75
10,10,10.0
11,45,27.0
16,16,16.0
6,35,20.0
0,0,0
14,19,16.5
0,32,20.2
25,32,28.5
9,28,18.0
15,35,23.666666666666668
16,18,17.0
8,37,25.0
5,42,22.0
38,38,38.0
23,25,24.0
5,36,21.75
12,33,24.666666666666668
15,38,27.0
15,33,21.4
12,42,32.0
13,28,20.5
20,29,25.333333333333332
7,25,16.0
16,47,31.5
7,37,17.0
8,27,17.5
2,21,13.25
10,28,18.75
37,42,39.5
13,34,24.5
9,9,9.0
3,49,27.5
19,20,19.5
11,51,32.6
12,21,16.666666666666668
3,77,37.2
12,12,12.0
14,29,20.0
3,54,23.333333333333332
7,38,21.75
22,22,22.0
15,15,15.0
16,36,26.0
52,67,59.5
9,31,17.5
22,25,23.5
10,34,21.666666666666668
14,42,23.5
29,38,33.5
1,23,14.333333333333334
12,42,29.0
22,22,22.0
13,49,25.0
13,19,16.0
29,29,29.0
3,31,20.666666666666668
11,50,29.0
9,25,15.6
19,42,30.75
18,29,22.333333333333332
26,26,26.0
1,32,17.0
25,41,31.0
27,45,36.333333333333336
9,44,30.666666666666668
0,35,12.666666666666666
27,50,38.5
19,46,31.5
8,41,26.0
4,29,15.333333333333334
20,43,29.333333333333332
0,14,7.0
4,36,19.5
19,42,32.0
18,34,26.0
14,52,34.4
41,47,44.0
16,46,30.666666666666668
20,25,22.5
14,34,24.75
26,44,34.0
13,38,27.0
48,48,48.0
9,39,22.375
10,28,20.666666666666668
0,0,0
28,66,38.5
8,8,8.0
16,42,30.25
11,65,32.6
17,50,32.0
1,52,24.5
30,43,36.5
18,43,30.25
11,58,33.0
24,24,24.0
9,42,27.375
16,20,18.0
13,23,18.0
2,34,19.8
7,34,22.75
2,50,27.666666666666668
18,27,23.5
24,31,27.5
24,43,34.25
17,17,17.0
18,30,24.0
41,71,56.0
1,26,17.666666666666668
58,58,58.0
6,56,30.0
0,7,3.5
17,67,41.4
3,34,19.75
24,34,29.333333333333332
36,36,36.0
0,0,0.0
23,42,32.5
16,37,26.5
22,53,36.0
1,19,10.0
27,65,41.2
10,55,32.75
15,74,50.666666666666664
19,71,40.5
23,35,29.0
29,56,40.6
7,52,29.5
20,40,29.4
15,59,35.166666666666664
21,61,40.75
5,48,30.833333333333332
8,9,8.5
10,42,30.8
44,76,55.0
7,20,11.333333333333334
24,42,36.0
41,59,50.0
12,68,42.75
28,33,30.5
3,61,31.8
6,32,18.4
45,62,51.666666666666664
8,30,21.4
15,62,34.0
20,34,27.0
19,53,37.666666666666664
18,36,24.666666666666668
1,28,18.333333333333332
27,77,51.0
19,67,40.0
36,38,37.0
18,50,34.0
5,49,23.2
16,53,33.75
40,50,45.0
28,83,55.5
4,35,23.25
56,56,56.0
0,0,0
11,29,20.666666666666668
5,5,5.0
71,71,71.0
18,36,27.0
5,21,13.0
3,11,7.666666666666667
28,28,28.0
43,43,43.0
35,35,35.0
8,83,35.0
17,46,24.5
21,24,22.5
30,41,35.5
9,30,17.5
19,19,19.0
5,28,16.5
51,51,51.0
18,22,20.5
0,0,0
6,55,27.142857142857142
2,41,19.5
9,46,26.0
17,66,30.2
26,31,28.5
2,40,24.25
24,41,32.5
0,29,18.0
20,29,23.333333333333332
9,75,39.666666666666664
53,53,53.0
8,86,40.0
14,40,25.0
11,17,14.0
10,48,21.75
18,24,21.0
14,19,16.666666666666668
6,30,18.0
19,31,24.5
23,31,27.0
2,7,4.5
21,53,32.0
22,40,32.2
18,58,34.0
1,43,18.8
10,26,15.666666666666666
19,62,32.8
0,0,0
18,82,55.25
21,74,47.5
9,57,22.75
8,37,22.5
10,34,23.25
18,53,35.5
14,30,22.0
12,65,25.166666666666668
6,29,20.333333333333332
17,51,28.5
22,55,41.666666666666664
0,0,0
16,27,21.5
10,37,20.0
18,42,30.666666666666668
8,30,17.25
5,36,20.5
7,36,18.25
5,45,29.8
16,18,17.0
4,34,18.8
9,58,32.333333333333336
4,15,9.5
5,15,11.333333333333334
13,45,30.333333333333332
13,30,21.5
16,27,21.5
1,27,18.0
3,58,26.666666666666668
28,40,33.0
11,35,23.666666666666668
8,15,11.5
17,29,23.0
17,45,34.666666666666664
34,50,42.0
16,33,25.6
0,0,0
12,29,17.75
7,53,30.333333333333332
13,53,32.6
25,34,29.666666666666668
10,44,26.0
18,51,33.0
28,66,47.0
3,20,11.5
34,34,34.0
3,48,18.0
40,40,40.0
6,27,17.0
14,55,36.25
12,31,18.0
8,42,25.666666666666668
23,43,32.0
5,33,19.0
3,3,3.0
37,42,39.5
6,25,14.2
14,38,29.666666666666668
4,21,14.5
8,36,23.833333333333332
2,45,22.5
18,52,30.8
12,37,24.5
76,76,76.0
30,48,39.0
23,33,28.0
17,40,28.5
8,71,32.25
8,37,25.0
8,43,26.2
24,39,31.5
2,25,17.571428571428573
86,86,86.0
11,48,33.8
0,0,0
1,46,28.833333333333332
40,40,40.0
7,24,18.75
8,50,31.2
22,87,43.2
6,81,43.5
3,33,19.75
16,55,32.666666666666664
1,36,14.333333333333334
29,34,31.5
24,39,30.25
6,21,15.5
28,50,39.0
52,52,52.0
0,0,0
6,49,30.5
41,97,55.4
14,14,14.0
7,54,27.666666666666668
22,35,28.5
26,55,37.8
8,59,34.333333333333336
12,20,15.0
20,54,33.5
15,36,22.666666666666668
3,45,23.25
11,48,29.5
0,41,17.5
0,57,29.333333333333332
3,47,24.0
6,26,16.25
13,16,14.5
21,41,33.0
0,7,3.5
33,65,47.4
4,62,38.4
19,39,31.25
0,0,0
11,20,15.0
8,8,8.0
12,25,19.0
9,9,9.0
16,48,29.5
2,39,22.833333333333332
9,53,34.666666666666664
26,41,33.4
25,38,32.333333333333336
13,36,24.5
23,47,33.333333333333336
4,81,26.0
6,28,17.0
13,71,34.57142857142857
10,25,19.666666666666668
16,59,41.25
11,47,27.8
6,48,28.8
35,55,43.75
16,31,24.5
9,29,16.333333333333332
11,64,29.666666666666668
41,41,41.0
1,69,25.833333333333332
39,42,40.5
7,8,7.5
18,59,33.333333333333336
34,39,36.5
0,48,15.8
12,47,29.5
10,30,21.333333333333332
40,40,40.0
10,42,21.75
9,31,20.0
13,35,21.5
19,22,20.5
3,42,22.5
15,15,15.0
11,48,23.666666666666668
12,12,12.0
7,29,15.666666666666666
0,11,5.5
11,46,24.0
3,3,3.0
10,39,21.0
9,9,9.0
0,22,14.4
18,36,27.0
4,17,10.333333333333334
7,60,25.666666666666668
7,9,8.0
15,57,30.333333333333332
8,55,36.0
0,0,0
1,54,20.0
23,23,23.0
31,58,44.5
0,54,27.5
28,28,28.0
12,49,33.0
9,9,9.0
23,28,25.666666666666668
5,50,21.75
18,24,21.666666666666668
14,53,29.2
6,42,18.0
0,0,0
10,38,20.2
55,55,55.0
11,41,25.333333333333332
7,19,14.333333333333334
21,30,25.333333333333332
12,45,27.0
14,19,16.666666666666668
3,23,15.75
17,46,31.333333333333332
35,56,45.5
2,29,17.4
12,19,15.0
5,37,24.833333333333332
1,22,11.8
23,23,23.0
8,38,19.0
1,5,2.5
16,33,26.75
31,31,31.0
8,23,15.5
6,64,33.333333333333336
7,26,17.0
10,12,11.0
2,32,19.2
25,25,25.0
15,37,24.0
4,53,24.5
16,33,26.0
6,53,22.5
13,36,24.75
6,49,20.8
0,0,0
9,13,11.0
17,33,25.0
13,23,16.4
16,22,18.666666666666668
6,27,16.5
10,18,14.0
3,36,15.333333333333334
15,15,15.0
8,85,46.5
8,14,10.666666666666666
20,73,40.4
13,35,24.5
12,45,22.0
22,27,24.5
10,42,16.666666666666668
1,14,7.5
17,36,25.0
17,32,26.0
3,3,3.0
1,30,13.666666666666666
19,24,21.75
13,18,15.5
13,13,13.0
3,61,29.833333333333332
9,46,33.333333333333336
14,54,31.75
21,44,29.0
4,19,11.5
12,32,22.0
10,18,14.75
10,47,26.333333333333332
11,14,12.5
27,27,27.0
16,28,22.25
3,64,33.5
6,31,15.5
0,0,0
10,16,13.5
10,37,22.75
13,24,18.5
16,28,21.75
20,20,20.0
6,73,36.0
20,20,20.0
36,36,36.0
17,19,18.0
28,44,37.0
22,50,33.666666666666664
4,34,19.0
9,22,16.0
6,11,8.5
9,9,9.0
6,32,23.25
1,31,18.0
1,7,4.0
15,15,15.0
23,72,42.0
24,35,29.5
6,28,16.666666666666668
5,19,12.0
0,0,0
30,30,30.0
10,24,17.0
8,29,16.75
15,27,22.333333333333332
1,49,28.2
4,12,8.0
8,23,17.0
4,42,18.666666666666668
12,12,12.0
13,41,31.333333333333332
12,30,21.0
11,18,15.0
20,46,33.0
19,29,23.666666666666668
23,23,23.0
11,85,37.333333333333336
16,44,32.5
17,17,17.0
8,23,17.333333333333332
10,26,18.0
9,53,27.166666666666668
28,34,30.333333333333332
6,7,6.5
13,56,37.333333333333336
5,24,14.5
2,30,11.666666666666666
22,42,31.0
14,34,24.0
26,26,26.0
13,43,25.25
20,44,31.75
5,38,23.0
6,32,18.6
7,18,12.5
0,32,17.75
8,24,17.666666666666668
5,37,21.0
16,32,25.0
10,17,13.5
10,19,13.666666666666666
27,37,33.333333333333336
5,32,21.333333333333332
8,27,15.8
16,27,22.333333333333332
17,42,31.0
7,36,21.5
0,42,16.5
5,45,24.666666666666668
7,36,24.0
4,26,11.75
10,21,16.4
0,9,4.333333333333333
18,18,18.0
21,44,32.5
5,44,19.25
0,0,0
10,19,13.25
2,22,12.0
31,39,35.0
15,53,32.0
20,28,24.0
16,32,24.0
31,34,32.5
5,42,22.4
0,0,0
22,22,22.0
5,19,14.25
2,42,22.0
10,30,18.0
6,27,14.333333333333334
9,17,13.0
7,62,22.2
13,61,35.6
44,46,45.0
10,54,32.0
13,13,13.0
22,36,29.0
12,52,35.666666666666664
0,0,0
10,14,11.333333333333334
13,27,20.0
17,23,20.0
11,27,18.666666666666668
16,43,26.75
8,47,30.0
7,26,18.0
11,28,21.0
0,0,0
27,37,31.5
9,29,22.0
0,34,11.333333333333334
10,33,18.6
5,29,15.5
1,20,7.666666666666667
23,23,23.0
19,38,28.5
4,12,7.666666666666667
14,44,29.6
2,29,16.0
18,35,24.0
14,30,24.333333333333332
4,51,23.666666666666668
13,34,23.0
11,36,23.5
9,27,16.5
14,31,23.0
17,35,23.0
13,24,17.75
3,23,13.0
13,40,27.0
7,37,23.333333333333332
31,31,31.0
5,52,27.8
5,32,18.5
12,15,13.5
27,27,27.0
5,25,12.4
1,11,6.0
4,39,21.5
22,41,32.666666666666664
25,60,42.5
15,40,27.4
37,44,40.5
11,49,34.0
8,19,15.0
8,50,21.0
5,16,10.5
6,55,28.0
33,33,33.0
13,60,29.142857142857142
0,39,16.5
19,20,19.5
45,78,65.66666666666667
7,51,29.0
28,28,28.0
2,37,20.333333333333332
7,48,33.0
11,18,15.666666666666666
19,60,37.75
10,47,26.666666666666668
9,16,12.666666666666666
8,8,8.0
3,42,20.5
9,55,24.4
5,9,7.0
6,28,18.5
52,52,52.0
2,54,32.4
12,51,31.5
1,42,21.5
0,6,3.3333333333333335
17,37,27.0
13,62,28.0
13,41,23.0
16,35,22.333333333333332
27,65,40.5
10,13,11.5
10,48,24.25
4,17,11.75
3,21,12.0
12,22,17.333333333333332
0,0,0
12,34,22.833333333333332
12,16,14.0
3,15,9.0
2,33,17.5
2,20,13.333333333333334
5,32,22.666666666666668
2,37,18.75
7,27,17.5
10,19,15.333333333333334
1,33,15.0
12,42,27.4
21,30,24.0
8,38,19.0
30,52,41.0
43,43,43.0
5,32,18.5
26,26,26.0
15,53,33.0
18,32,25.333333333333332
22,22,22.0
16,97,37.4
3,61,30.25
8,30,19.666666666666668
2,38,20.0
11,35,21.4
15,33,24.0
0,33,18.5
19,56,32.666666666666664
14,16,15.0
7,24,15.333333333333334
16,27,21.666666666666668
12,36,24.0
33,33,33.0
2,73,27.75
8,58,32.0
5,60,26.25
10,25,19.5
12,62,34.0
20,20,20.0
2,51,22.333333333333332
0,41,16.857142857142858
14,56,35.0
13,48,33.333333333333336
4,19,11.5
6,19,11.666666666666666
12,46,22.0
22,36,28.25
0,0,0
8,31,17.4
11,16,13.5
17,32,24.5
1,40,20.428571428571427
12,45,29.0
8,25,14.333333333333334
14,43,31.25
16,22,19.0
34,68,51.0
14,61,37.5
24,36,30.0
46,46,46.0
10,23,16.5
2,2,2.0
10,10,10.0
20,20,20.0
18,18,18.0
1,18,9.5
10,57,26.25
32,32,32.0
12,19,15.666666666666666
16,20,18.0
11,54,25.5
7,21,15.0
5,47,20.25
22,23,22.5
42,44,42.666666666666664
5,31,18.0
3,37,20.0
11,39,27.4
3,35,18.8
15,27,21.0
13,35,24.25
13,16,14.5
22,38,29.0
28,28,28.0
23,43,32.333333333333336
12,12,12.0
1,48,19.4
11,34,22.5
1,18,12.333333333333334
36,36,36.0
9,23,16.8
8,43,24.666666666666668
0,0,0.0
1,42,29.0
13,21,17.0
1,28,14.75
1,27,14.75
0,33,16.5
5,47,21.75
11,40,22.0
9,74,32.5
13,25,18.75
5,64,37.42857142857143
13,26,19.0
4,62,31.0
8,34,21.0
4,37,19.5
3,39,17.0
15,35,25.8
4,29,16.5
14,14,14.0
27,65,41.166666666666664
10,14,12.0
8,28,16.8
8,15,11.5
1,40,20.5
2,39,19.75
15,18,16.5
7,77,33.857142857142854
14,35,22.0
8,49,28.5
10,30,22.5
7,7,7.0
10,35,24.0
10,43,21.333333333333332
0,53,32.8
3,52,21.4
18,35,27.25
5,35,16.333333333333332
6,38,19.6
6,34,18.0
2,20,13.75
6,22,13.0
9,27,15.75
6,25,14.0
1,44,28.25
9,20,14.6
23,39,28.333333333333332
12,42,29.666666666666668
2,15,9.666666666666666
13,69,35.333333333333336
13,41,25.5
5,33,19.0
25,25,25.0
18,57,37.5
16,38,27.0
5,17,12.0
21,21,21.0
11,34,24.0
14,50,31.0
13,44,24.0
4,11,7.5
24,40,29.75
0,0,0
10,44,27.0
17,41,26.25
0,2,1.0
1,13,7.8
9,15,12.0
9,33,20.0
19,26,22.5
13,40,23.6
0,0,0
1,28,14.5
7,7,7.0
4,52,17.2
11,11,11.0
14,30,22.0
9,28,21.666666666666668
15,31,23.0
1,36,14.5
24,26,25.0
10,24,17.0
37,49,43.0
4,17,10.5
3,33,22.666666666666668
3,5,4.0
4,37,20.5
0,0,0
12,69,27.5
4,11,8.333333333333334
7,27,18.333333333333332
13,13,13.0
7,20,13.666666666666666
7,20,13.5
12,27,19.5
10,19,15.333333333333334
18,29,23.5
5,48,26.5
17,49,28.0
6,15,10.25
9,14,11.5
10,35,18.666666666666668
5,13,8.5
4,49,21.0
6,6,6.0
2,21,14.166666666666666
20,45,29.25
0,0,0
28,28,28.0
7,11,9.0
19,28,23.5
6,32,17.25
3,3,3.0
11,12,11.5
4,37,16.5
3,42,15.571428571428571
0,55,19.4
6,24,15.0
14,51,31.0
9,28,19.0
42,42,42.0
4,45,20.333333333333332
9,44,24.0
10,15,12.5
26,31,28.5
1,44,15.2
3,18,12.0
19,42,28.0
9,14,11.5
19,42,29.0
1,5,3.0
21,21,21.0
18,31,24.5
9,44,28.8
14,18,16.0
13,23,18.0
0,0,0
21,21,21.0
20,20,20.0
27,40,33.5
9,27,18.0
5,27,16.5
10,22,17.0
29,47,38.0
15,34,24.75
38,38,38.0
9,11,10.0
4,41,23.5
15,18,16.666666666666668
20,29,25.0
11,49,35.666666666666664
0,0,0
25,25,25.0
12,22,16.5
8,28,15.0
15,15,15.0
5,24,13.142857142857142
19,21,20.0
3,23,12.0
6,49,24.0
11,38,20.666666666666668
0,34,20.6
17,44,29.0
7,31,20.666666666666668
3,25,14.0
10,45,22.5
9,38,21.0
19,19,19.0
7,44,20.6
9,26,15.0
15,53,30.0
8,43,21.333333333333332
10,49,26.5
11,35,27.0
12,46,29.0
7,46,25.0
11,13,12.0
1,17,8.75
23,23,23.0
11,40,27.0
8,8,8.0
0,30,12.5
19,35,27.0
0,22,11.333333333333334
27,47,37.0
3,18,12.0
3,35,17.428571428571427
14,39,26.5
19,30,23.5
41,41,41.0
3,22,10.0
10,33,23.0
32,39,35.5
29,31,30.0
5,32,18.666666666666668
14,23,18.5
10,67,30.666666666666668
5,30,16.0
0,0,0
8,23,15.5
14,48,31.0
20,20,20.0
13,32,22.5
7,20,13.5
7,27,13.25
5,27,18.0
12,16,14.0
48,48,48.0
20,41,27.666666666666668
5,38,15.833333333333334
29,29,29.0
2,39,20.0
5,29,18.5
21,24,22.5
0,0,0
0,0,0
15,35,23.833333333333332
20,41,30.5
13,26,19.5
3,4,3.5
6,53,29.166666666666668
32,32,32.0
27,42,34.0
20,35,25.0
8,45,27.333333333333332
14,35,24.5
16,32,24.0
28,42,33.0
6,32,21.0
0,0,0
14,24,20.666666666666668
28,40,34.0
16,47,28.0
22,24,23.0
7,51,29.25
16,24,19.333333333333332
35,35,35.0
6,36,21.666666666666668
49,49,49.0
3,30,15.8
4,61,35.5
9,9,9.0
0,0,0
14,57,38.25
7,47,27.0
32,46,39.0
31,43,39.25
19,29,24.0
0,56,20.0
15,37,26.0
14,34,23.0
23,63,40.333333333333336
12,73,31.75
21,68,38.333333333333336
3,9,6.0
4,26,16.666666666666668
24,42,33.0
34,39,36.5
39,46,42.5
20,52,31.333333333333332
10,34,21.0
14,27,21.75
20,47,33.5
42,42,42.0
8,15,11.5
1,39,24.333333333333332
22,54,39.5
20,32,26.0
23,47,33.0
28,36,32.666666666666664
25,64,36.0
25,29,27.0
19,60,33.0
9,18,13.5
15,30,22.5
19,38,30.4
1,32,20.75
26,33,29.5
7,52,28.6
23,58,40.5
32,32,32.0
12,62,33.833333333333336
16,38,23.666666666666668
7,80,38.285714285714285
22,53,37.5
10,63,28.0
16,47,31.8
0,0,0
3,54,26.166666666666668
34,45,39.5
9,67,32.57142857142857
17,38,23.5
14,36,25.5
3,55,27.6
8,54,32.6
11,11,11.0
20,53,29.8
59,59,59.0
1,49,23.4
17,57,37.2
43,66,54.5
18,25,20.333333333333332
34,80,49.8
25,44,36.4
32,32,32.0
2,72,31.0
0,0,0
22,73,45.0
35,71,53.0
6,46,27.25
20,47,33.5
12,81,31.571428571428573
33,33,33.0
6,61,27.4
7,48,27.25
33,33,33.0
17,51,37.6
38,38,38.0
25,62,37.6
0,0,0
27,60,42.25
4,41,23.25
25,30,27.5
21,38,29.5
32,45,36.75
42,42,42.0
14,39,23.0
27,36,30.666666666666668
22,29,25.5
24,25,24.5
43,43,43.0
2,30,18.666666666666668
0,0,0
18,29,24.666666666666668
14,42,29.25
27,27,27.0
10,54,25.0
13,41,25.8
8,28,19.333333333333332
14,15,14.666666666666666
1,1,1.0
11,33,25.5
5,20,12.0
6,35,16.0
30,34,32.0
7,32,19.5
30,47,38.5
19,62,34.666666666666664
0,0,0
6,19,11.666666666666666
15,65,40.0
4,42,24.0
0,0,0
21,49,29.0
0,0,0
9,31,18.5
9,46,30.25
54,54,54.0
20,38,30.25
13,51,30.5
25,25,25.0
25,25,25.0
6,23,14.5
24,50,33.0
5,44,21.0
6,40,28.0
22,56,39.0
49,49,49.0
14,37,25.5
15,40,30.0
18,39,30.0
20,28,22.0
19,76,42.8
16,32,23.75
0,24,14.0
15,43,24.333333333333332
32,35,33.5
11,46,29.8
35,46,39.333333333333336
4,36,17.333333333333332
10,48,25.833333333333332
8,50,21.5
26,30,28.0
14,40,25.666666666666668
24,26,25.0
11,50,32.5
11,54,32.5
4,46,29.666666666666668
6,15,10.5
9,32,20.666666666666668
4,36,23.0
10,51,23.5
7,7,7.0
34,34,34.0
6,44,17.0
15,45,30.0
19,63,32.75
14,30,21.2
3,27,15.0
7,34,17.25
0,39,19.75
18,25,21.333333333333332
6,50,29.666666666666668
9,57,24.4
6,48,24.0
3,47,25.0
4,38,20.0
15,20,18.333333333333332
22,22,22.0
7,47,22.75
1,1,1.0
23,51,36.4
0,40,20.6
37,64,50.5
18,30,24.0
29,48,38.25
3,29,16.714285714285715
14,65,38.285714285714285
59,61,60.0
33,33,33.0
10,39,29.0
11,27,19.0
5,55,34.75
12,43,28.0
44,44,44.0
19,39,27.8
1,21,11.0
52,52,52.0
12,32,21.4
12,12,12.0
7,41,24.0
4,47,24.25
10,47,31.666666666666668
51,54,52.5
1,33,20.333333333333332
16,31,21.666666666666668
17,17,17.0
9,32,23.25
9,26,17.5
3,36,20.0
26,78,49.333333333333336
1,67,31.666666666666668
9,31,21.0
4,20,14.333333333333334
19,19,19.0
12,21,16.5
0,0,0
10,51,28.0
6,45,25.333333333333332
14,40,27.0
14,78,43.5
25,25,25.0
4,4,4.0
6,32,16.75
14,60,37.333333333333336
23,28,25.0
5,45,20.0
22,46,35.0
3,3,3.0
22,41,33.333333333333336
0,45,19.0
7,39,22.333333333333332
2,30,16.857142857142858
24,47,36.25
20,35,25.0
24,33,29.0
11,11,11.0
10,44,22.6
14,14,14.0
3,21,14.0
4,43,25.0
13,53,25.333333333333332
4,52,21.333333333333332
15,15,15.0
10,24,17.75
14,31,21.0
0,0,0
14,29,20.75
37,40,38.5
0,0,0
22,48,32.5
9,48,24.2
4,62,26.666666666666668
2,9,6.333333333333333
35,35,35.0
6,6,6.0
17,41,25.75
10,12,11.0
8,30,18.0
19,23,21.0
4,54,24.428571428571427
3,27,15.333333333333334
8,10,9.0
8,36,22.0
16,16,16.0
8,36,21.666666666666668
43,60,51.5
9,47,28.0
11,27,19.0
1,34,19.0
31,46,38.5
7,36,18.8
5,20,13.666666666666666
29,67,48.0
7,38,22.5
4,14,9.333333333333334
19,58,34.666666666666664
6,23,16.6
0,0,0.0
12,57,32.0
8,8,8.0
9,68,39.6
12,41,26.666666666666668
5,36,20.5
11,54,27.5
16,43,32.0
7,27,15.333333333333334
15,32,24.75
12,40,24.6
20,20,20.0
0,31,18.0
4,32,22.333333333333332
18,33,26.0
8,8,8.0
14,47,24.714285714285715
28,36,32.0
4,40,16.5
20,42,33.25
0,0,0
1,49,25.0
18,51,34.0
32,45,37.666666666666664
0,0,0
8,23,16.25
10,23,16.5
0,0,0
17,19,18.0
21,30,26.666666666666668
29,29,29.0
26,40,35.0
4,28,17.25
13,23,19.0
12,39,25.5
1,39,17.0
28,32,30.0
17,17,17.0
3,37,14.4
0,0,0
24,46,38.0
2,4,3.0
7,33,17.0
32,32,32.0
15,58,30.0
6,11,9.0
3,55,23.6
12,48,30.0
11,57,34.0
19,43,29.0
2,58,35.2
26,26,26.0
2,19,10.5
3,43,26.333333333333332
1,52,27.333333333333332
11,11,11.0
3,17,9.8
11,41,21.0
2,42,22.333333333333332
25,35,30.0
5,87,27.0
8,8,8.0
8,64,26.25
5,13,9.0
11,51,28.0
7,42,23.666666666666668
2,11,6.5
27,53,36.0
39,51,44.666666666666664
28,38,33.0
5,58,25.666666666666668
9,37,17.0
12,21,16.5
13,65,39.5
3,22,12.5
37,37,37.0
15,48,33.0
9,44,25.25
13,60,39.666666666666664
5,32,21.0
3,32,13.666666666666666
12,25,18.0
19,33,25.666666666666668
6,17,12.333333333333334
27,27,27.0
11,29,17.0
0,0,0.0
12,25,18.5
13,15,14.0
7,30,16.0
0,0,0
5,11,8.0
13,35,24.0
25,27,26.0
8,23,17.666666666666668
2,39,15.2
1,37,19.0
15,26,20.333333333333332
6,65,26.8
26,26,26.0
22,44,33.0
6,40,25.666666666666668
7,26,16.5
6,50,33.0
6,18,12.333333333333334
10,43,22.5
5,22,13.5
1,25,15.166666666666666
1,1,1.0
12,20,16.0
7,26,18.333333333333332
34,52,43.0
14,20,17.0
4,45,22.5
14,17,15.75
0,24,15.6
8,12,10.0
5,20,11.333333333333334
12,23,17.5
15,29,22.25
14,14,14.0
18,59,34.5
24,48,32.666666666666664
8,8,8.0
49,49,49.0
0,0,0
23,35,30.666666666666668
27,27,27.0
25,40,32.333333333333336
24,24,24.0
17,18,17.5
14,22,18.0
6,6,6.0
3,22,11.5
11,49,27.0
8,29,18.0
4,24,14.4
16,47,30.75
7,62,25.25
19,40,31.333333333333332
1,31,18.0
53,53,53.0
18,33,23.5
10,10,10.0
7,23,14.666666666666666
2,14,8.0
5,77,36.333333333333336
5,21,12.333333333333334
16,28,23.666666666666668
9,19,14.5
23,37,30.0
1,29,18.0
3,30,18.0
11,26,19.0
5,40,20.2
20,28,24.0
36,42,39.0
17,46,30.2
5,5,5.0
16,25,20.0
10,15,12.5
12,41,28.666666666666668
10,34,22.0
8,21,14.5
13,29,23.4
6,25,19.2
20,39,26.333333333333332
6,30,19.333333333333332
11,28,19.5
28,39,33.5
17,17,17.0
2,37,26.8
11,67,30.666666666666668
3,35,19.0
10,41,21.666666666666668
13,23,16.666666666666668
13,13,13.0
24,54,32.5
41,41,41.0
18,38,28.25
0,41,19.333333333333332
19,37,26.666666666666668
0,13,6.5
13,30,21.5
13,13,13.0
6,29,15.0
2,18,11.666666666666666
2,20,12.0
10,69,27.571428571428573
7,33,22.0
9,30,16.333333333333332
8,36,22.8
0,0,0
14,34,24.75
6,31,15.0
27,31,28.75
2,48,21.0
0,0,0
22,26,24.0
12,12,12.0
3,18,11.75
37,37,37.0
21,27,23.666666666666668
2,27,15.75
24,71,44.0
0,0,0
2,12,7.0
4,6,5.0
6,50,26.4
1,90,31.4
16,32,24.0
7,39,23.285714285714285
9,48,27.0
21,35,28.0
16,28,22.666666666666668
17,28,22.5
3,39,22.571428571428573
0,0,0
1,51,22.0
10,23,16.0
1,41,24.333333333333332
6,25,15.333333333333334
27,34,30.5
15,62,40.5
15,34,23.333333333333332
15,43,29.0
21,21,21.0
15,55,32.4
0,38,19.0
10,35,21.666666666666668
4,51,17.4
20,39,29.5
28,28,28.0
7,26,15.0
0,40,20.0
13,13,13.0
23,36,27.666666666666668
11,48,29.5
23,39,29.75
9,30,18.0
26,42,34.0
15,22,18.5
7,7,7.0
10,30,21.333333333333332
5,33,19.0
2,27,14.4
22,31,26.5
3,3,3.0
14,14,14.0
1,45,24.666666666666668
16,44,30.333333333333332
0,0,0
9,32,18.0
15,27,20.0
3,29,12.333333333333334
4,52,26.166666666666668
8,10,9.0
0,24,17.0
9,38,22.666666666666668
18,18,18.0
2,4,3.0
21,21,21.0
14,39,23.75
22,22,22.0
7,43,24.8
0,0,0
8,51,25.285714285714285
29,29,29.0
5,18,11.666666666666666
24,24,24.0
5,46,25.5
8,32,20.0
2,11,6.5
19,48,29.0
5,58,21.75
4,38,21.0
10,57,29.5
23,23,23.0
11,27,19.0
0,58,29.25
35,35,35.0
12,39,24.6
7,26,14.0
18,26,22.0
30,32,31.0
1,25,12.6
7,19,11.333333333333334
9,51,27.6
5,40,22.5
7,37,19.0
18,44,31.0
23,67,45.0
10,50,30.0
7,18,12.5
14,59,34.142857142857146
48,62,55.0
10,44,30.75
49,49,49.0
13,36,23.0
0,25,9.25
4,36,17.0
2,8,5.75
20,21,20.5
17,48,31.25
10,29,19.5
13,57,36.0
7,27,17.0
9,26,15.333333333333334
4,31,14.333333333333334
11,11,11.0
6,34,20.0
0,18,9.75
27,27,27.0
5,73,39.0
7,32,21.333333333333332
28,83,52.5
3,33,22.666666666666668
14,32,25.25
2,27,13.5
16,95,37.5
11,85,42.0
18,38,28.0
12,38,25.0
40,47,43.5
0,0,0
15,51,31.333333333333332
6,42,24.2
6,39,24.666666666666668
7,48,25.0
14,18,16.0
0,82,26.428571428571427
28,33,30.5
28,37,32.5
17,41,33.2
28,70,44.25
24,28,26.0
10,32,22.0
11,18,14.0
21,24,22.5
2,34,18.25
0,25,10.333333333333334
4,47,21.8
12,34,19.75
15,22,18.0
15,30,22.5
22,22,22.0
12,39,24.0
18,36,27.0
9,42,23.333333333333332
28,36,32.0
0,0,0
5,57,22.666666666666668
5,37,20.333333333333332
18,54,31.666666666666668
12,26,22.0
14,14,14.0
17,22,19.5
22,32,27.0
3,3,3.0
13,30,22.666666666666668
14,19,16.5
5,43,24.4
0,0,0
11,42,27.25
9,57,33.0
11,49,32.0
25,25,25.0
19,41,25.5
8,41,20.25
10,10,10.0
7,49,22.333333333333332
20,36,26.25
8,21,14.25
17,28,21.0
5,54,23.0
25,63,40.666666666666664
1,20,12.0
10,21,17.25
13,14,13.5
23,32,28.333333333333332
42,42,42.0
6,58,23.2
16,25,21.25
9,33,19.333333333333332
15,54,37.0
23,81,46.0
14,27,19.666666666666668
8,8,8.0
6,61,23.4
42,42,42.0
9,17,13.0
3,38,16.0
8,10,9.0
12,30,23.75
28,28,28.0
4,36,17.2
3,48,20.333333333333332
10,44,27.0
17,33,25.0
5,62,29.0
10,27,20.666666666666668
1,35,18.166666666666668
30,66,40.25
7,7,7.0
4,33,18.5
12,43,26.333333333333332
9,35,23.25
10,45,22.666666666666668
5,80,38.5
35,35,35.0
16,46,25.5
17,25,21.0
9,30,17.0
7,43,27.666666666666668
13,47,27.0
21,50,35.5
13,52,33.0
2,46,27.25
10,13,11.5
4,46,23.8
7,7,7.0
12,53,36.0
6,8,7.0
33,34,33.5
25,49,39.25
27,27,27.0
11,12,11.5
5,40,23.5
14,22,17.333333333333332
8,30,19.0
3,45,21.0
11,11,11.0
41,41,41.0
5,49,33.666666666666664
0,59,31.75
13,23,18.0
13,47,29.428571428571427
5,40,18.666666666666668
17,34,25.0
12,12,12.0
7,19,13.0
15,65,32.333333333333336
0,0,0
16,22,19.666666666666668
0,0,0
13,37,24.8
35,35,35.0
3,36,17.4
4,27,14.333333333333334
30,31,30.5
16,40,28.5
5,30,19.333333333333332
15,33,24.0
1,46,19.333333333333332
37,37,37.0
19,35,28.5
16,40,24.666666666666668
1,18,13.0
14,30,21.25
15,63,37.333333333333336
13,13,13.0
16,90,45.666666666666664
12,39,25.25
14,34,26.333333333333332
7,31,19.0
8,35,24.333333333333332
21,83,43.333333333333336
28,59,45.333333333333336
17,49,27.25
13,13,13.0
2,33,21.833333333333332
32,32,32.0
7,24,18.6
26,76,46.0
19,33,25.2
19,41,27.666666666666668
29,34,32.0
12,48,28.75
14,30,21.333333333333332
3,33,18.0
0,0,0
0,0,0
71,71,71.0
5,79,42.0
4,24,15.0
0,17,9.666666666666666
0,0,0.0
15,91,53.0
7,34,20.5
8,42,25.0
14,95,41.8
4,28,16.0
6,41,23.5
11,31,23.5
1,84,32.0
22,22,22.0
23,23,23.0
25,133,54.5
2,48,25.0
9,34,25.0
27,38,31.0
10,48,30.0
0,0,0
25,52,39.0
43,43,43.0
22,58,40.0
16,16,16.0
19,41,30.333333333333332
17,45,29.25
16,80,55.25
12,42,29.25
0,0,0.0
25,42,31.333333333333332
18,40,28.333333333333332
29,46,37.5
39,47,43.0
12,94,51.0
9,52,31.0
41,76,55.25
0,0,0
1,43,24.333333333333332
35,48,42.666666666666664
35,35,35.0
17,35,29.0
37,44,40.5
27,42,36.5
7,41,22.2
19,39,27.4
7,28,15.0
23,32,27.2
2,30,14.333333333333334
14,49,35.2
24,43,35.0
8,59,32.0
36,45,40.5
12,48,33.875
29,29,29.0
10,47,28.428571428571427
24,40,33.0
23,50,36.666666666666664
5,64,39.0
0,35,22.6
32,60,43.666666666666664
0,0,0
2,47,31.0
0,41,20.5
14,55,29.142857142857142
29,29,29.0
17,56,38.166666666666664
17,45,31.666666666666668
23,89,49.42857142857143
0,0,0
26,51,42.25
13,36,24.25
0,35,22.0
8,53,31.0
10,33,24.333333333333332
14,27,21.25
35,80,54.666666666666664
43,50,46.0
14,40,29.8
4,52,26.6
11,44,28.2
17,17,17.0
8,54,31.6
4,58,24.2
20,48,32.0
31,49,40.0
0,26,13.0
12,22,16.666666666666668
4,50,28.2
4,26,12.666666666666666
1,40,21.0
19,24,21.5
12,57,29.25
14,14,14.0
32,32,32.0
7,79,30.6
52,52,52.0
12,49,26.5
23,52,37.5
19,46,28.6
0,0,0
15,38,24.0
28,28,28.0
6,21,13.5
14,30,23.0
14,83,38.0
29,29,29.0
18,79,48.5
6,45,28.8
20,54,36.0
21,48,31.6
13,13,13.0
15,60,37.75
16,29,20.75
5,5,5.0
22,53,36.8
10,45,25.666666666666668
17,22,18.666666666666668
6,39,23.666666666666668
10,43,19.25
18,18,18.0
26,53,38.0
22,43,32.5
3,60,22.25
33,33,33.0
9,32,23.0
32,45,38.5
15,37,22.666666666666668
13,28,20.5
18,36,27.75
11,24,18.666666666666668
7,45,26.5
27,27,27.0
14,48,26.833333333333332
15,49,32.0
10,50,24.428571428571427
0,0,0
0,0,0
7,38,20.25
8,18,13.0
12,64,35.25
17,17,17.0
7,55,27.0
21,21,21.0
9,43,26.0
12,23,17.666666666666668
0,0,0
17,51,34.833333333333336
11,48,29.5
0,79,23.8
22,34,28.0
29,44,35.0
20,52,32.666666666666664
3,32,18.0
23,36,28.25
8,55,31.5
16,37,26.5
6,45,21.166666666666668
18,32,25.333333333333332
7,25,17.0
46,46,46.0
13,31,19.333333333333332
31,46,38.5
13,34,18.0
9,47,29.25
44,58,49.666666666666664
13,50,33.0
0,0,0
28,43,34.333333333333336
12,57,35.25
54,54,54.0
29,31,30.0
0,0,0
2,31,16.5
12,44,23.0
21,63,35.666666666666664
6,47,26.333333333333332
16,26,20.333333333333332
3,40,27.0
7,62,35.666666666666664
19,58,38.333333333333336
11,31,20.0
30,100,65.0
1,43,28.6
20,20,20.0
3,20,11.5
9,46,21.2
17,29,23.0
23,39,32.833333333333336
31,31,31.0
2,46,18.0
0,0,0
19,45,27.8
17,44,30.5
6,56,20.8
3,17,10.0
12,15,13.5
9,62,32.1
21,21,21.0
5,57,31.0
8,29,19.25
40,40,40.0
18,19,18.5
12,61,36.5
14,20,17.0
14,14,14.0
1,17,9.0
11,58,37.25
7,53,30.0
2,35,18.2
6,21,11.666666666666666
10,24,14.666666666666666
5,38,24.666666666666668
33,33,33.0
4,40,25.25
0,0,0
37,71,49.333333333333336
5,44,20.0
16,56,35.5
25,57,44.2
15,48,30.666666666666668
6,30,16.25
6,26,17.25
9,50,23.666666666666668
10,24,17.333333333333332
1,20,13.0
18,30,23.333333333333332
38,38,38.0
7,43,21.5
14,34,24.0
9,14,11.8
12,16,14.0
9,19,12.333333333333334
35,46,40.0
11,56,33.5
7,13,10.0
19,32,24.666666666666668
12,54,27.2
33,33,33.0
2,35,22.25
11,38,24.5
6,29,16.666666666666668
9,39,17.0
8,8,8.0
19,59,33.666666666666664
22,32,27.0
0,0,0
3,50,25.428571428571427
5,31,18.0
6,28,18.333333333333332
8,52,29.0
11,14,12.5
23,30,25.666666666666668
12,17,14.5
7,50,24.6
0,22,13.5
8,16,12.5
10,70,30.0
23,46,31.0
19,28,25.0
18,25,21.5
0,36,15.6
14,34,23.25
3,40,20.4
13,69,38.666666666666664
23,31,27.0
13,16,14.5
8,38,21.8
22,32,25.75
9,72,32.6
33,33,33.0
10,72,30.5
14,16,15.0
10,44,24.5
27,53,43.0
12,18,15.333333333333334
20,67,39.8
6,37,21.5
14,14,14.0
32,32,32.0
6,51,28.5
9,54,26.25
0,0,0
13,40,27.666666666666668
12,19,15.5
0,0,0
29,55,45.0
6,31,23.5
2,25,16.0
6,60,31.0
15,41,25.0
17,33,24.25
8,40,23.0
15,48,33.0
16,58,31.666666666666668
20,40,30.4
8,54,33.25
10,40,21.0
9,38,26.0
11,22,16.5
6,54,23.5
6,35,18.8
12,54,33.0
13,13,13.0
26,36,31.0
17,17,17.0
10,60,31.166666666666668
0,0,0
44,44,44.0
55,65,60.0
31,31,31.0
19,63,40.0
16,16,16.0
16,43,30.5
9,9,9.0
16,19,18.0
7,83,45.0
9,37,24.5
0,11,5.5
8,80,35.666666666666664
19,19,19.0
6,59,26.25
21,61,36.0
24,36,29.333333333333332
13,33,22.333333333333332
7,62,34.0
10,22,15.75
43,43,43.0
64,73,67.0
31,31,31.0
11,29,20.0
9,35,20.8
18,46,30.0
4,31,17.6
17,68,29.333333333333332
15,56,35.5
11,33,22.0
51,51,51.0
8,75,47.0
11,89,33.666666666666664
22,39,33.0
14,25,19.0
17,30,22.25
12,20,16.25
0,0,0
4,19,11.8
16,16,16.0
36,50,41.25
16,38,25.666666666666668
21,63,43.666666666666664
17,41,29.0
33,33,33.0
2,20,11.0
8,56,27.8
1,48,26.333333333333332
24,53,36.0
9,41,23.25
29,31,30.0
19,38,28.2
19,45,28.0
23,23,23.0
25,32,28.333333333333332
20,40,29.333333333333332
4,35,12.5
13,48,27.333333333333332
11,75,41.6
9,9,9.0
7,46,22.6
15,25,20.0
38,38,38.0
0,64,24.666666666666668
2,33,16.2
6,39,22.333333333333332
14,14,14.0
18,51,29.0
19,19,19.0
3,41,23.166666666666668
12,42,27.0
30,39,34.5
70,70,70.0
4,53,21.25
12,28,20.5
12,42,23.4
24,62,40.5
16,46,34.5
19,62,38.0
43,68,55.5
35,50,42.5
7,36,25.666666666666668
4,54,36.25
18,44,31.0
11,29,20.0
18,69,39.0
20,40,30.0
23,44,33.5
33,37,35.333333333333336
4,49,21.6
5,36,20.5
0,41,15.5
27,51,36.666666666666664
7,36,22.0
4,38,17.333333333333332
30,30,30.0
15,41,26.0
7,57,33.5
5,5,5.0
12,34,23.0
12,74,42.0
22,46,36.75
6,58,35.0
38,66,52.0
0,10,5.0
12,54,26.333333333333332
33,46,39.5
2,71,24.75
29,35,32.0
35,57,47.333333333333336
24,35,29.5
8,23,15.5
4,28,14.75
3,78,30.75
32,32,32.0
1,34,14.75
0,0,0
7,22,16.333333333333332
15,31,22.0
10,64,36.333333333333336
14,28,22.333333333333332
0,0,0
42,42,42.0
2,74,32.2
0,0,0
7,57,23.285714285714285
73,80,76.5
8,73,29.0
0,0,0
2,49,19.75
16,44,29.25
13,50,34.0
8,86,44.0
2,71,35.0
32,71,53.333333333333336
27,50,42.333333333333336
8,9,8.5
9,26,17.5
0,0,0
12,68,34.5
0,0,0
29,94,56.666666666666664
0,19,11.666666666666666
3,49,27.0
20,23,21.5
4,29,16.25
22,45,33.5
7,87,42.5
27,27,27.0
1,52,23.5
7,17,12.0
16,21,18.25
25,60,43.333333333333336
12,65,29.5
4,78,33.8
61,63,62.0
41,44,42.5
8,53,25.0
21,28,24.0
20,82,44.4
27,35,30.333333333333332
16,45,30.5
9,35,22.25
11,65,36.4
21,52,36.5
62,98,80.0
10,10,10.0
6,26,14.666666666666666
52,60,56.0
17,84,37.25
14,35,25.333333333333332
21,83,51.333333333333336
5,85,52.2
7,7,7.0
2,40,22.833333333333332
8,17,11.25
2,47,21.333333333333332
11,41,27.0
3,33,21.75
63,63,63.0
8,32,21.333333333333332
12,35,23.5
4,69,28.8
20,63,47.333333333333336
7,51,20.0
0,0,0
9,43,25.0
11,11,11.0
7,28,15.8
2,30,17.333333333333332
15,15,15.0
10,30,20.75
7,27,14.333333333333334
18,22,20.0
1,44,22.125
2,64,22.75
28,107,54.5
13,48,30.5
21,21,21.0
23,55,35.75
71,71,71.0
4,36,20.0
4,51,24.2
10,29,22.666666666666668
12,28,20.333333333333332
4,8,6.5
1,76,44.5
28,102,54.0
25,25,25.0
52,52,52.0
4,40,24.4
26,26,26.0
2,33,14.6
0,0,0
2,33,16.0
7,22,12.666666666666666
21,67,44.0
8,62,29.333333333333332
4,4,4.0
12,12,12.0
12,22,17.0
8,38,26.0
6,30,18.0
1,17,8.333333333333334
0,0,0
3,8,5.5
14,18,16.0
4,23,14.333333333333334
6,10,8.0
3,21,12.0
5,32,15.333333333333334
21,54,37.5
29,29,29.0
1,27,16.6
7,11,9.0
8,27,19.25
6,25,13.0
8,36,20.5
12,24,18.0
14,37,27.0
2,2,2.0
29,69,47.666666666666664
1,10,7.0
26,29,27.5
2,26,15.25
21,52,34.5
23,30,26.666666666666668
13,82,32.6
16,39,22.6
0,13,8.0
18,18,18.0
21,25,23.0
22,29,25.5
21,51,38.25
24,24,24.0
9,55,30.666666666666668
8,30,18.333333333333332
6,29,17.5
12,22,16.666666666666668
16,16,16.0
21,40,30.75
16,39,28.5
7,30,18.5
3,23,14.0
8,44,26.0
18,18,18.0
2,21,11.4
0,0,0
6,16,11.0
14,36,21.666666666666668
5,29,12.6
10,21,15.333333333333334
21,23,22.0
3,29,19.5
10,44,26.333333333333332
1,22,11.25
6,35,22.25
5,5,5.0
11,11,11.0
12,36,26.0
14,38,26.0
4,21,14.666666666666666
3,29,13.6
0,30,15.0
22,36,28.5
9,29,18.666666666666668
9,30,19.5
2,17,10.5
12,46,23.333333333333332
7,20,12.333333333333334
21,21,21.0
17,46,34.75
17,17,17.0
2,2,2.0
8,30,19.5
13,32,19.666666666666668
7,36,21.571428571428573
56,56,56.0
2,13,7.666666666666667
5,35,19.5
8,40,26.666666666666668
32,37,34.5
17,42,26.333333333333332
1,41,18.5
3,59,18.4
51,51,51.0
11,42,28.4
9,43,25.75
21,21,21.0
0,27,14.6
3,18,10.0
4,33,16.25
6,24,12.333333333333334
11,44,27.5
23,23,23.0
26,34,30.0
22,27,25.0
9,32,22.5
12,13,12.5
1,62,22.75
0,0,0
13,23,18.333333333333332
7,26,17.0
6,31,18.75
5,62,31.2
16,26,19.666666666666668
31,31,31.0
17,34,24.333333333333332
15,29,23.0
2,19,8.666666666666666
6,35,23.333333333333332
16,16,16.0
49,49,49.0
4,26,17.5
4,4,4.0
0,7,3.5
4,35,19.25
0,0,0
10,16,12.333333333333334
4,28,12.75
8,34,16.75
0,53,15.75
29,75,51.333333333333336
5,25,17.0
62,62,62.0
11,32,21.0
5,36,17.75
1,5,3.0
6,19,13.0
1,45,19.571428571428573
21,29,25.0
4,55,31.0
10,29,19.0
9,33,18.4
13,13,13.0
5,30,20.5
13,13,13.0
2,47,17.0
8,10,9.0
3,13,8.0
7,32,20.6
9,32,20.5
9,56,26.5
10,50,29.6
10,24,17.0
2,53,18.666666666666668
8,18,12.333333333333334
13,29,21.6
0,0,0
9,33,20.0
4,65,28.333333333333332
0,44,21.6
12,17,14.0
21,35,26.0
28,55,41.5
10,39,26.0
31,33,32.0
10,43,22.25
21,31,27.333333333333332
8,28,14.2
7,18,12.5
11,22,15.25
4,53,26.2
1,29,15.75
3,19,11.0
22,24,23.333333333333332
10,41,24.75
4,31,13.833333333333334
8,33,20.5
1,38,17.8
6,73,32.0
15,15,15.0
11,60,29.666666666666668
21,22,21.5
7,22,13.25
0,21,11.5
6,39,26.5
20,20,20.0
8,53,32.2
3,27,15.0
12,38,18.8
7,15,12.0
7,28,14.333333333333334
5,35,16.0
8,31,22.666666666666668
3,75,39.0
20,37,28.5
7,21,15.0
12,38,24.0
0,48,17.0
12,15,13.5
4,45,19.0
6,16,12.4
0,42,22.0
7,7,7.0
0,31,15.4
18,18,18.0
4,11,7.5
0,0,0
7,21,13.25
10,10,10.0
0,0,0
8,54,28.0
5,12,8.5
23,26,24.333333333333332
3,48,19.8
17,22,19.5
28,28,28.0
21,21,21.0
7,31,21.666666666666668
11,39,20.666666666666668
16,38,27.0
13,61,30.25
10,37,27.666666666666668
18,52,35.75
12,15,13.5
0,24,14.4
13,27,18.0
14,22,17.0
5,16,9.333333333333334
6,27,14.5
30,39,34.5
7,24,14.0
5,24,13.0
0,27,15.25
24,53,42.5
9,9,9.0
10,37,25.5
5,21,13.0
13,36,24.0
0,0,0.0
3,41,13.666666666666666
0,0,0
16,17,16.5
59,59,59.0
9,40,21.8
6,61,31.0
10,37,24.0
13,35,24.5
16,46,27.666666666666668
43,43,43.0
7,29,16.2
2,42,16.5
9,19,14.0
19,37,26.666666666666668
8,23,14.285714285714286
9,55,28.0
1,10,5.5
0,0,0
33,39,35.0
15,39,27.666666666666668
2,56,29.333333333333332
9,35,24.5
14,43,22.75
9,31,19.333333333333332
26,33,29.5
13,27,20.0
0,0,0
13,44,25.833333333333332
6,6,6.0
11,31,22.666666666666668
4,53,22.0
0,0,0
25,56,35.666666666666664
19,30,24.5
6,21,15.6
11,11,11.0
8,28,15.0
36,36,36.0
10,39,21.5
1,38,21.0
26,75,50.5
19,19,19.0
12,12,12.0
15,28,21.5
0,20,7.333333333333333
19,19,19.0
8,55,23.666666666666668
7,22,12.666666666666666
6,13,9.5
9,67,37.2
37,37,37.0
0,0,0
10,45,23.75
13,63,38.0
18,36,27.0
13,60,28.2
37,37,37.0
28,51,42.333333333333336
17,62,39.5
9,36,22.8
12,46,29.0
16,24,21.333333333333332
13,46,29.166666666666668
13,18,16.333333333333332
8,51,28.6
11,56,32.8
1,45,20.0
19,19,19.0
15,44,29.5
11,57,34.75
11,35,21.0
18,18,18.0
15,47,25.833333333333332
27,47,35.0
4,30,18.25
4,45,20.0
18,18,18.0
11,26,16.8
0,0,0
8,42,23.0
22,22,22.0
12,28,20.0
7,27,19.0
16,77,44.333333333333336
6,32,19.0
8,31,14.6
15,25,20.0
24,54,32.5
17,25,21.0
8,8,8.0
16,21,18.333333333333332
19,19,19.0
5,17,10.8
3,3,3.0
9,15,12.0
0,16,9.666666666666666
10,10,10.0
14,19,16.0
10,35,20.666666666666668
5,22,12.666666666666666
7,11,9.0
10,33,18.0
23,23,23.0
8,8,8.0
12,51,26.0
14,14,14.0
15,15,15.0
13,33,23.0
6,24,13.666666666666666
17,18,17.5
0,0,0
0,0,0
1,45,19.25
18,18,18.0
10,23,18.0
1,21,11.0
16,16,16.0
13,35,24.0
5,26,15.0
14,14,14.0
0,36,20.8
29,35,32.0
10,34,18.666666666666668
9,26,15.25
21,21,21.0
2,12,7.0
12,33,20.666666666666668
31,56,43.0
2,11,6.666666666666667
18,18,18.0
17,21,19.0
55,55,55.0
28,37,32.5
2,58,23.333333333333332
5,26,15.5
20,25,22.5
26,39,32.5
20,20,20.0
28,28,28.0
14,26,20.142857142857142
5,21,13.0
14,31,23.333333333333332
21,22,21.5
3,31,18.5
21,21,21.0
3,34,17.666666666666668
1,10,5.5
17,28,22.5
32,32,32.0
7,45,23.5
6,42,27.0
4,15,10.333333333333334
3,38,19.666666666666668
42,42,42.0
42,42,42.0
16,46,29.333333333333332
15,42,23.75
1,3,2.0
10,38,23.25
4,56,34.25
25,26,25.5
17,41,29.0
4,64,35.666666666666664
1,37,18.714285714285715
36,37,36.5
10,56,32.25
18,41,29.5
25,53,39.0
10,45,29.166666666666668
6,17,10.333333333333334
47,47,47.0
9,43,22.0
9,32,22.2
22,34,27.5
0,38,15.0
20,26,23.0
9,55,28.375
0,0,0
5,47,27.0
9,78,30.6
41,41,41.0
15,41,29.0
7,23,15.0
19,55,41.666666666666664
14,49,28.0
15,15,15.0
10,43,33.25
2,28,15.5
13,13,13.0
10,47,22.8
22,48,35.0
9,25,17.0
4,16,10.0
16,25,20.0
15,31,22.75
9,9,9.0
23,42,31.5
36,43,39.5
0,55,28.666666666666668
15,38,25.0
0,0,0
20,31,26.0
8,46,22.2
0,0,0
7,55,24.0
0,44,15.75
20,48,31.75
6,26,16.0
21,28,24.5
21,67,43.666666666666664
3,51,30.0
9,56,36.25
4,55,23.333333333333332
20,20,20.0
23,49,36.75
8,16,12.75
30,43,37.333333333333336
6,52,29.0
15,54,35.0
10,30,20.0
6,25,15.75
20,42,30.2
0,47,19.6
10,21,16.25
4,48,23.6
10,75,34.666666666666664
6,41,17.5
4,41,25.333333333333332
18,31,24.5
23,50,40.333333333333336
33,33,33.0
15,46,29.8
8,49,22.285714285714285
79,79,79.0
19,39,30.25
15,59,37.0
5,30,22.25
9,9,9.0
12,65,29.857142857142858
28,28,28.0
22,57,39.5
19,40,26.333333333333332
20,54,34.0
7,61,29.333333333333332
11,56,30.166666666666668
17,88,40.75
28,35,30.666666666666668
16,52,37.5
36,67,51.5
25,57,39.75
20,52,33.75
16,39,27.0
16,44,30.0
29,29,29.0
36,50,41.333333333333336
2,9,6.333333333333333
5,41,21.0
10,41,23.333333333333332
10,25,19.666666666666668
27,38,32.5
3,50,24.2
14,47,26.8
0,50,16.0
26,29,27.666666666666668
11,40,21.0
13,66,33.5
49,49,49.0
4,38,20.5
4,4,4.0
6,55,35.333333333333336
3,19,10.666666666666666
4,77,24.2
15,34,25.166666666666668
15,19,17.0
7,59,33.0
30,42,36.0
35,35,35.0
5,20,12.5
2,41,14.75
18,18,18.0
9,9,9.0
19,54,32.0
6,38,17.2
11,47,28.333333333333332
5,22,14.666666666666666
3,54,29.666666666666668
12,39,27.333333333333332
10,46,28.25
2,34,16.333333333333332
23,52,35.75
30,30,30.0
5,36,21.428571428571427
10,10,10.0
37,37,37.0
12,12,12.0
19,34,25.0
29,29,29.0
10,29,18.6
11,62,26.75
16,21,18.5
1,15,8.0
7,28,21.0
3,39,21.0
5,40,15.5
10,42,25.666666666666668
25,36,30.0
13,13,13.0
30,70,50.0
8,8,8.0
31,42,36.5
35,39,37.0
17,17,17.0
5,35,20.5
38,38,38.0
8,31,20.25
21,22,21.5
3,22,12.75
9,19,13.0
6,48,18.8
5,75,30.0
4,10,7.0
2,25,12.333333333333334
18,20,19.0
8,26,18.8
52,52,52.0
1,16,7.0
45,45,45.0
3,57,24.571428571428573
12,12,12.0
7,50,30.5
26,27,26.333333333333332
3,45,24.0
7,7,7.0
4,26,14.8
11,55,31.333333333333332
4,4,4.0
27,30,28.5
9,9,9.0
9,52,28.333333333333332
3,83,34.333333333333336
40,40,40.0
8,60,30.25
38,47,42.5
12,24,18.0
0,60,19.666666666666668
44,44,44.0
3,66,29.6
4,33,20.6
14,56,35.5
1,14,8.75
1,8,4.0
0,0,0
6,80,31.25
18,38,28.0
3,3,3.0
3,21,12.0
29,62,50.0
19,36,30.0
12,54,27.333333333333332
7,43,30.6
45,52,48.5
3,53,25.0
50,50,50.0
2,2,2.0
0,0,0
52,52,52.0
12,12,12.0
27,33,30.0
5,35,19.5
14,46,28.666666666666668
17,48,29.0
7,13,10.0
37,42,39.5
26,48,37.0
6,42,29.8
3,15,8.666666666666666
10,49,29.25
8,31,16.2
6,67,30.0
34,48,41.0
12,38,26.0
16,54,34.0
24,42,33.0
31,31,31.0
15,45,32.0
26,34,28.666666666666668
3,16,11.333333333333334
14,37,21.75
10,49,23.2
1,48,28.8
11,38,24.5
9,18,14.666666666666666
9,52,32.666666666666664
5,31,16.75
10,20,16.0
11,81,35.0
13,27,22.0
0,54,30.666666666666668
0,21,10.5
28,34,31.0
17,60,34.0
8,50,25.25
8,66,31.4
30,33,31.5
5,40,19.333333333333332
8,36,22.5
31,54,40.0
15,43,33.75
7,57,26.0
10,19,14.5
15,15,15.0
8,28,17.666666666666668
0,34,19.333333333333332
4,55,22.0
14,55,35.5
4,40,28.75
11,29,21.666666666666668
0,0,0
12,37,26.5
0,0,0
24,24,24.0
46,46,46.0
3,14,8.5
3,15,11.6
12,43,22.666666666666668
23,36,29.5
26,26,26.0
17,58,35.0
21,30,25.5
26,67,43.666666666666664
28,39,33.5
30,30,30.0
2,30,18.25
38,38,38.0
2,42,22.5
12,25,20.0
13,70,40.8
22,42,32.0
10,10,10.0
4,30,21.5
20,20,20.0
2,78,30.666666666666668
14,14,14.0
10,36,22.25
9,32,23.0
35,35,35.0
9,10,9.5
1,78,33.75
11,52,25.0
14,54,30.25
9,36,22.5
8,22,13.8
4,46,20.666666666666668
10,28,21.333333333333332
11,11,11.0
5,33,20.0
0,0,0
44,91,67.5
29,75,41.0
10,32,21.0
15,68,41.5
13,39,23.333333333333332
1,81,33.333333333333336
9,34,18.166666666666668
6,22,13.25
2,49,32.0
11,11,11.0
0,0,0
23,41,33.25
38,47,42.5
1,20,11.5
5,17,12.0
11,16,13.5
14,38,22.25
15,39,24.666666666666668
34,34,34.0
7,7,7.0
0,71,35.5
4,40,21.75
19,45,32.0
11,29,17.8
16,18,17.0
5,47,22.6
7,39,20.75
7,25,16.0
3,3,3.0
13,23,17.333333333333332
25,25,25.0
10,32,24.0
19,30,24.0
8,47,24.0
7,73,37.333333333333336
47,47,47.0
24,70,47.0
5,39,17.333333333333332
14,26,20.0
34,43,38.5
22,58,33.75
9,34,20.666666666666668
6,34,22.6
24,45,33.0
12,24,16.8
16,29,22.25
6,11,8.5
5,60,29.5
0,16,9.333333333333334
9,50,29.5
7,32,18.75
4,43,23.5
8,27,18.6
13,25,19.0
10,43,27.333333333333332
10,38,24.0
14,14,14.0
12,43,29.0
14,32,23.0
4,40,26.833333333333332
1,37,14.0
6,10,8.0
14,29,21.4
0,0,0
7,34,23.333333333333332
8,44,20.333333333333332
38,48,43.0
9,32,20.5
22,40,31.25
1,42,21.5
13,38,23.0
20,20,20.0
5,35,17.6
0,0,0
15,30,21.6
0,0,0
16,31,23.5
1,28,14.2
16,16,16.0
20,46,33.0
1,38,22.6
24,40,30.0
7,33,20.0
6,19,13.0
0,0,0
34,39,36.5
4,35,21.666666666666668
16,37,26.5
45,55,50.0
7,41,23.666666666666668
27,45,37.0
18,34,25.333333333333332
12,40,23.0
18,33,27.0
22,24,23.0
2,27,15.0
4,27,17.25
0,0,0
9,42,25.5
4,41,19.2
15,53,29.666666666666668
4,40,16.75
0,0,0
13,31,19.333333333333332
0,24,9.25
5,28,17.2
13,20,16.5
1,46,19.8
3,38,15.25
12,49,25.666666666666668
20,32,26.0
23,23,23.0
8,37,20.4
15,23,17.666666666666668
8,27,13.4
11,35,21.75
8,32,17.5
35,44,39.5
5,48,24.166666666666668
30,30,30.0
15,35,23.25
14,14,14.0
0,0,0
8,18,13.25
23,48,33.25
15,45,27.5
15,38,26.0
9,34,24.666666666666668
3,25,20.2
2,42,25.333333333333332
14,20,17.5
9,48,21.0
0,0,0
25,40,32.5
10,42,21.6
0,0,0
19,20,19.5
0,58,19.25
13,36,23.333333333333332
4,4,4.0
8,32,19.0
49,49,49.0
4,28,15.0
30,30,30.0
5,5,5.0
5,51,19.142857142857142
15,35,23.0
20,20,20.0
7,34,24.0
8,32,18.8
53,53,53.0
3,33,15.8
0,31,12.5
15,52,25.25
3,33,18.0
17,17,17.0
24,24,24.0
5,48,17.75
23,23,23.0
43,44,43.5
2,4,3.0
52,52,52.0
14,14,14.0
32,32,32.0
5,28,15.0
7,22,14.666666666666666
36,36,36.0
1,24,14.0
0,10,5.0
1,45,18.5
29,29,29.0
5,28,18.0
3,17,10.0
13,44,29.6
22,67,44.5
2,53,27.666666666666668
6,36,24.0
3,23,13.6
14,50,33.666666666666664
5,42,22.8
22,41,30.0
22,47,32.666666666666664
12,31,22.666666666666668
18,18,18.0
22,22,22.0
8,24,16.0
48,48,48.0
0,64,29.0
5,35,20.0
12,44,27.25
16,16,16.0
9,44,20.25
6,37,14.75
4,14,8.0
21,55,38.0
0,0,0.0
7,32,17.0
11,68,39.0
19,82,44.333333333333336
20,26,23.0
9,41,25.0
6,17,10.6
11,39,23.666666666666668
2,38,20.166666666666668
2,32,19.4
3,34,18.5
9,9,9.0
15,40,27.5
9,15,12.666666666666666
3,11,7.333333333333333
0,49,26.333333333333332
6,48,30.0
28,61,41.333333333333336
1,26,11.2
16,16,16.0
30,35,32.5
30,62,46.0
4,33,19.666666666666668
5,9,7.0
10,27,18.2
17,107,62.0
13,39,22.25
5,55,26.0
6,18,12.0
44,45,44.5
15,54,34.5
0,0,0
26,76,51.0
11,26,20.0
27,46,36.5
43,48,45.5
24,35,29.5
22,46,32.666666666666664
0,37,17.2
16,52,35.0
18,46,29.666666666666668
1,87,28.6
12,59,26.428571428571427
25,41,33.0
6,43,22.666666666666668
8,40,24.0
5,37,21.0
1,1,1.0
5,50,27.5
3,53,27.2
38,38,38.0
3,89,40.142857142857146
21,21,21.0
25,64,44.5
29,62,50.0
6,39,18.666666666666668
12,32,25.0
9,65,35.25
27,31,29.0
4,82,28.75
9,13,10.666666666666666
18,30,24.0
2,37,24.833333333333332
24,73,48.5
1,40,19.666666666666668
26,47,36.5
8,60,25.333333333333332
2,27,14.5
8,42,27.833333333333332
8,72,24.8
10,16,13.0
8,55,25.166666666666668
13,26,20.333333333333332
4,40,27.25
8,8,8.0
22,47,35.666666666666664
6,7,6.5
4,44,24.0
10,29,17.666666666666668
34,35,34.5
4,34,18.0
17,31,25.333333333333332
12,35,25.6
13,13,13.0
20,33,28.333333333333332
20,37,28.5
1,19,12.333333333333334
10,10,10.0
7,26,17.333333333333332
14,38,23.666666666666668
12,38,21.4
30,30,30.0
15,43,25.25
6,8,7.0
3,26,17.2
0,0,0.0
19,19,19.0
9,28,16.0
9,37,23.0
2,62,27.6
9,28,16.666666666666668
18,23,21.0
10,16,13.0
10,40,26.0
6,27,16.5
0,26,17.25
4,17,12.0
14,25,17.5
0,40,20.0
2,39,23.666666666666668
26,54,35.666666666666664
19,27,23.0
21,32,25.0
0,45,22.5
20,20,20.0
5,12,8.5
25,44,34.5
9,9,9.0
22,22,22.0
24,24,24.0
4,30,17.0
24,32,28.0
3,55,21.333333333333332
9,32,21.666666666666668
4,37,20.5
4,23,11.333333333333334
8,8,8.0
5,76,31.2
15,20,18.333333333333332
3,27,11.666666666666666
4,35,18.75
5,29,16.75
8,30,18.666666666666668
8,50,29.333333333333332
22,57,35.666666666666664
10,32,20.166666666666668
4,48,19.25
2,44,23.4
2,24,8.5
14,14,14.0
11,73,32.0
0,17,8.0
7,50,25.0
0,0,0
7,28,13.0
2,39,21.25
10,19,14.666666666666666
19,45,28.0
37,37,37.0
8,54,29.0
35,35,35.0
5,36,18.25
25,25,25.0
17,30,24.0
0,29,12.75
5,55,16.8
10,10,10.0
11,11,11.0
17,79,40.4
14,14,14.0
5,24,14.5
4,51,20.5
9,34,21.5
27,47,37.0
53,53,53.0
25,42,34.333333333333336
7,7,7.0
13,74,46.0
11,38,24.5
0,0,0
1,32,17.4
3,17,10.666666666666666
3,34,18.5
4,41,22.5
18,49,35.333333333333336
8,18,13.0
11,48,28.333333333333332
8,30,20.333333333333332
30,44,38.333333333333336
7,55,27.0
20,25,22.5
10,47,31.25
5,46,25.5
18,37,28.5
0,0,0
2,24,13.5
2,46,17.666666666666668
22,39,30.5
8,48,23.0
7,17,10.5
24,31,27.5
1,14,9.75
5,41,26.0
1,64,30.0
20,20,20.0
23,39,31.0
25,31,28.0
17,37,27.0
4,42,20.6
36,65,50.5
24,30,26.666666666666668
60,60,60.0
5,34,20.5
9,28,14.833333333333334
3,42,21.333333333333332
0,28,16.25
13,47,32.4
26,26,26.0
10,38,24.0
12,43,26.0
17,30,24.0
0,0,0
11,20,15.5
11,55,35.333333333333336
12,58,38.333333333333336
14,60,35.25
13,13,13.0
2,33,19.75
20,60,38.0
6,16,10.0
12,34,23.0
5,33,16.0
13,56,31.666666666666668
3,42,25.5
8,8,8.0
33,54,45.25
7,18,12.5
21,48,34.5
12,33,20.25
10,18,14.0
26,36,29.333333333333332
10,44,25.0
12,31,23.0
6,21,14.833333333333334
15,38,28.8
15,16,15.5
1,32,16.428571428571427
19,19,19.0
11,41,21.666666666666668
20,68,44.0
11,37,27.333333333333332
6,18,12.0
8,53,29.75
0,0,0
2,21,11.5
6,23,13.0
27,57,42.0
47,47,47.0
13,54,32.0
16,17,16.5
23,23,23.0
21,21,21.0
20,20,20.0
15,15,15.0
6,45,25.666666666666668
15,15,15.0
9,77,26.0
22,30,25.333333333333332
0,0,0
22,32,27.333333333333332
0,0,0
17,35,23.666666666666668
13,33,23.0
9,21,15.0
1,29,15.0
13,27,20.0
17,25,21.0
4,84,31.666666666666668
8,38,26.0
9,9,9.0
5,28,17.0
8,47,27.5
12,35,23.0
0,17,8.5
13,42,27.5
32,40,36.0
27,57,41.0
8,38,19.666666666666668
0,0,0
13,43,31.428571428571427
27,41,34.0
5,37,21.0
5,23,12.8
30,35,32.5
18,45,35.8
1,46,19.0
9,35,22.8
16,28,22.0
4,58,26.6
29,58,43.5
0,13,6.5
21,76,44.0
17,26,21.5
25,47,35.0
0,62,21.142857142857142
9,26,17.5
2,42,18.0
15,44,28.333333333333332
10,27,19.333333333333332
12,25,19.0
29,60,40.25
20,40,25.5
25,60,42.0
14,69,45.0
29,29,29.0
17,104,40.833333333333336
0,0,0
5,68,37.333333333333336
6,22,16.0
18,19,18.5
19,58,33.333333333333336
29,42,34.666666666666664
12,24,18.0
11,41,25.333333333333332
20,38,27.0
22,51,36.5
19,34,28.0
13,47,24.5
12,30,19.333333333333332
6,40,22.666666666666668
15,29,22.0
13,47,31.0
6,40,24.666666666666668
9,43,26.0
0,28,17.4
2,40,21.0
14,17,15.666666666666666
30,30,30.0
4,36,19.666666666666668
4,4,4.0
22,48,35.6
20,20,20.0
12,12,12.0
22,33,27.5
1,51,29.4
3,61,23.333333333333332
5,70,30.333333333333332
14,33,22.75
17,17,17.0
26,28,27.333333333333332
17,55,31.0
20,59,30.0
11,20,17.0
5,36,16.5
0,0,0
23,29,25.333333333333332
13,31,22.75
6,21,12.4
0,0,0
15,18,16.333333333333332
9,21,16.666666666666668
1,42,19.25
10,37,23.5
3,37,15.4
0,0,0
7,39,18.5
11,11,11.0
9,19,13.666666666666666
7,34,18.666666666666668
15,64,35.25
27,65,46.0
4,17,10.666666666666666
15,35,24.333333333333332
2,31,16.2
9,40,23.166666666666668
1,19,8.5
15,23,19.0
17,67,38.666666666666664
7,41,20.333333333333332
27,67,45.75
27,27,27.0
12,58,34.0
13,44,28.5
2,25,10.625
1,41,17.333333333333332
5,30,16.25
3,61,23.6
2,44,20.2
5,64,29.0
30,37,33.5
10,38,22.0
11,23,18.333333333333332
11,50,26.0
10,39,20.75
4,23,13.5
15,50,34.0
32,58,45.0
14,71,50.0
4,23,14.0
19,58,35.0
17,60,29.0
24,38,31.666666666666668
18,33,24.75
8,51,29.5
19,72,46.0
5,55,33.333333333333336
18,39,26.666666666666668
9,35,18.333333333333332
0,3,1.5
28,28,28.0
9,17,14.0
17,27,22.0
1,1,1.0
1,41,22.5
0,0,0
21,39,26.75
21,34,27.5
1,25,12.25
14,50,31.333333333333332
50,69,59.5
11,11,11.0
5,50,29.666666666666668
16,16,16.0
10,29,19.5
0,13,6.5
3,50,23.25
7,42,20.666666666666668
22,45,31.666666666666668
23,44,30.333333333333332
1,65,23.0
10,28,17.333333333333332
13,18,15.5
5,16,10.666666666666666
7,44,23.75
7,28,17.5
7,119,39.714285714285715
19,32,24.666666666666668
15,38,25.75
4,35,19.5
10,10,10.0
25,92,58.5
4,48,24.4
6,36,21.0
11,32,19.0
13,13,13.0
23,23,23.0
16,44,33.666666666666664
41,75,58.0
6,49,22.666666666666668
0,0,0
16,44,25.666666666666668
23,24,23.5
23,36,29.75
17,28,24.0
10,51,31.333333333333332
35,35,35.0
8,14,11.0
21,22,21.333333333333332
0,27,13.5
23,23,23.0
8,36,26.666666666666668
8,37,22.0
10,42,21.0
0,0,0
14,66,28.25
5,40,22.5
9,47,25.0
1,27,14.666666666666666
6,6,6.0
0,47,23.0
9,38,26.666666666666668
0,24,14.0
22,30,26.0
0,0,0
13,47,28.571428571428573
10,56,28.0
17,47,33.5
10,29,20.5
4,25,11.5
0,0,0
22,29,25.5
15,49,35.0
13,30,20.0
4,22,12.2
2,26,14.0
12,67,35.285714285714285
16,16,16.0
36,36,36.0
4,18,9.6
18,36,27.0
3,3,3.0
7,7,7.0
14,14,14.0
26,78,52.0
33,33,33.0
17,45,31.0
31,60,45.5
20,54,30.25
17,33,27.333333333333332
17,35,25.0
13,26,19.5
15,40,27.5
16,54,33.666666666666664
9,30,20.0
0,0,0
1,50,25.0
3,3,3.0
3,38,21.0
15,25,21.0
19,47,35.333333333333336
34,49,41.5
20,33,25.25
19,30,22.8
0,0,0.0
10,42,27.25
0,46,23.0
4,39,21.5
8,47,22.166666666666668
2,23,12.5
16,75,45.5
14,60,32.666666666666664
19,49,35.333333333333336
14,41,30.0
11,40,25.5
9,36,21.333333333333332
1,60,34.8
17,41,30.0
0,37,24.666666666666668
2,64,25.0
51,51,51.0
11,43,25.833333333333332
0,35,22.0
3,60,30.285714285714285
10,31,20.5
9,42,29.0
9,55,33.833333333333336
15,28,22.25
4,51,26.0
11,40,25.5
9,48,28.25
7,27,16.8
35,58,46.5
8,27,18.8
22,45,33.5
14,52,28.285714285714285
12,12,12.0
18,57,35.0
0,0,0
11,70,34.857142857142854
0,0,0
18,56,36.5
9,25,17.0
41,49,45.666666666666664
30,30,30.0
6,37,18.666666666666668
12,15,13.5
10,49,27.6
7,25,16.0
14,44,31.5
21,50,35.25
19,45,31.571428571428573
14,31,22.5
28,56,39.25
0,0,0
7,28,19.0
2,53,33.25
12,38,22.142857142857142
2,63,32.5
13,50,31.5
5,30,16.0
8,48,28.0
28,40,34.0
6,38,25.666666666666668
15,35,24.666666666666668
27,42,37.0
24,63,49.333333333333336
25,26,25.5
15,73,40.6
1,5,3.0
7,51,30.2
18,45,33.666666666666664
4,31,16.285714285714285
17,17,17.0
10,67,30.25
10,60,34.333333333333336
13,57,38.0
10,33,24.25
11,11,11.0
4,49,20.6
2,57,22.0
17,63,34.5
11,45,34.8
18,63,30.2
17,51,32.666666666666664
20,29,24.0
14,60,31.8
7,76,41.25
7,52,22.0
31,50,38.0
7,35,22.0
7,50,24.666666666666668
0,28,17.333333333333332
40,40,40.0
25,46,33.2
14,52,32.666666666666664
22,86,57.666666666666664
26,32,28.333333333333332
13,38,25.5
11,82,35.333333333333336
6,16,11.0
21,25,22.75
14,23,18.5
14,52,26.2
0,0,0.0
17,63,30.75
39,39,39.0
19,41,30.0
0,47,21.5
0,0,0
14,56,33.333333333333336
1,56,22.333333333333332
35,35,35.0
9,21,15.0
3,61,28.2
5,37,15.5
12,56,35.666666666666664
2,92,47.333333333333336
2,67,21.2
5,59,32.0
14,45,24.4
59,59,59.0
8,49,21.5
10,28,20.333333333333332
0,0,0
21,26,23.333333333333332
0,0,0
27,79,53.0
11,22,16.666666666666668
0,0,0
4,52,32.333333333333336
16,88,38.8
2,19,11.5
0,0,0
4,69,25.833333333333332
25,25,25.0
5,34,16.2
13,44,27.333333333333332
12,49,29.75
5,26,14.333333333333334
21,56,35.2
2,6,4.0
6,66,32.42857142857143
1,12,7.333333333333333
5,35,18.0
8,27,16.0
11,11,11.0
2,39,16.4
22,30,26.0
5,38,16.666666666666668
9,42,22.6
7,32,19.5
20,20,20.0
39,53,44.666666666666664
8,25,15.666666666666666
5,57,33.0
23,36,29.5
8,8,8.0
13,18,15.5
24,35,28.8
16,16,16.0
19,42,32.2
2,13,9.333333333333334
27,38,30.666666666666668
15,16,15.5
10,62,28.666666666666668
15,29,22.0
14,19,16.5
17,18,17.5
0,41,16.666666666666668
0,0,0
0,20,12.666666666666666
2,21,12.666666666666666
0,0,0
36,45,40.5
31,31,31.0
10,24,15.5
0,0,0
9,10,9.5
8,43,25.5
19,24,21.666666666666668
26,36,31.0
10,45,25.0
29,70,49.5
8,18,13.0
15,44,27.4
13,17,15.0
43,43,43.0
6,33,18.5
18,57,37.5
25,37,31.0
14,69,37.0
6,15,11.0
11,15,13.666666666666666
10,51,30.0
32,32,32.0
4,39,22.666666666666668
6,32,19.0
4,59,33.75
17,17,17.0
3,29,15.166666666666666
6,6,6.0
0,19,7.666666666666667
26,26,26.0
20,20,20.0
5,23,10.75
0,0,0
0,21,11.0
25,26,25.5
11,48,25.0
10,27,20.0
3,38,20.5
11,11,11.0
3,36,17.333333333333332
17,21,19.0
3,47,22.857142857142858
12,30,21.0
16,27,21.5
0,18,9.0
4,26,15.0
10,26,18.4
9,9,9.0
4,18,10.666666666666666
27,27,27.0
5,35,20.0
14,30,22.0
5,11,8.0
8,11,9.5
4,26,14.166666666666666
4,9,6.5
1,38,21.0
26,38,32.0
4,54,23.333333333333332
0,23,10.333333333333334
12,42,25.666666666666668
5,33,22.2
17,17,17.0
18,22,20.0
3,27,14.0
12,23,17.833333333333332
17,21,19.0
16,41,28.5
16,16,16.0
12,12,12.0
6,45,21.142857142857142
4,35,17.25
19,22,20.5
21,21,21.0
1,21,13.2
6,17,10.25
0,0,0
29,29,29.0
12,21,16.5
24,41,32.5
14,28,20.166666666666668
0,37,13.666666666666666
4,44,22.25
8,21,15.8
9,20,14.5
9,16,12.5
24,30,27.0
4,43,14.333333333333334
8,38,21.333333333333332
3,69,20.666666666666668
0,0,0
12,32,19.333333333333332
8,27,17.5
21,32,26.5
3,21,12.0
8,17,12.5
7,20,14.666666666666666
22,22,22.0
57,75,66.0
13,18,15.0
0,0,0
12,16,14.333333333333334
0,0,0
11,28,20.6
15,32,23.5
0,0,0
8,45,26.5
11,30,21.0
8,16,12.4
3,33,15.25
6,31,18.5
0,0,0
8,27,15.8
3,28,12.0
1,24,12.5
2,22,9.75
3,29,14.25
12,12,12.0
8,25,15.4
4,23,13.0
10,10,10.0
0,0,0
0,0,0
10,27,19.0
1,16,8.5
3,34,18.6
23,25,24.0
13,20,16.5
5,15,10.0
10,17,13.666666666666666
7,32,21.8
4,7,5.5
0,0,0
1,24,13.666666666666666
7,8,7.5
6,26,16.166666666666668
12,12,12.0
5,35,15.666666666666666
32,32,32.0
0,0,0
27,27,27.0
18,23,19.666666666666668
14,42,30.0
10,10,10.0
0,40,16.666666666666668
27,39,33.0
1,1,1.0
5,32,18.5
27,27,27.0
36,36,36.0
8,29,16.5
11,11,11.0
5,22,15.0
10,19,14.333333333333334
0,0,0
1,26,16.666666666666668
18,19,18.5
16,28,22.0
2,37,20.4
13,25,19.0
9,36,21.333333333333332
8,33,21.0
15,38,24.666666666666668
13,19,16.0
15,41,29.75
26,26,26.0
9,17,14.0
1,3,2.0
11,18,14.5
19,36,27.0
23,23,23.0
12,19,15.5
7,30,21.2
18,18,18.0
0,5,2.3333333333333335
8,47,23.2
0,38,20.4
10,11,10.5
0,13,5.333333333333333
2,40,23.8
10,12,11.0
4,18,10.666666666666666
5,25,16.25
13,39,22.0
0,46,23.0
17,18,17.333333333333332
23,23,23.0
9,59,22.4
0,0,0
6,28,16.2
27,27,27.0
17,36,28.5
11,74,34.0
10,25,19.0
11,29,20.0
1,24,15.333333333333334
15,36,25.5
10,30,20.25
0,0,0
3,49,20.0
0,0,0
11,24,15.0
17,17,17.0
13,33,23.0
14,52,35.4
14,66,40.0
27,31,29.0
57,57,57.0
6,25,14.333333333333334
4,35,20.0
8,19,12.6
12,35,20.25
6,25,16.6
44,44,44.0
35,35,35.0
19,50,26.833333333333332
27,27,27.0
4,32,15.333333333333334
0,0,0
12,12,12.0
10,52,28.0
12,23,17.5
11,11,11.0
41,41,41.0
2,22,15.0
20,28,24.0
17,19,18.0
10,31,20.0
19,52,36.5
4,23,13.5
2,6,4.0
35,35,35.0
7,40,18.2
4,56,28.0
32,37,34.5
10,45,25.333333333333332
51,51,51.0
7,34,17.25
20,20,20.0
9,47,28.5
11,37,26.0
16,25,21.4
2,38,19.4
0,0,0
13,29,21.0
21,23,22.0
11,52,33.0
16,47,29.75
25,54,38.666666666666664
5,41,20.0
10,20,15.0
5,33,19.0
5,25,14.0
8,30,23.0
18,55,36.5
7,32,19.5
2,20,11.0
20,20,20.0
13,40,26.5
9,14,11.666666666666666
10,10,10.0
0,52,19.0
13,15,14.0
2,51,26.75
11,40,23.2
3,47,17.4
9,33,24.0
19,30,24.0
10,35,26.0
11,11,11.0
13,25,19.0
16,35,22.0
0,0,0
28,28,28.0
9,16,12.5
0,0,0
24,28,26.0
20,40,30.0
21,71,38.666666666666664
29,37,33.0
9,22,16.8
24,36,28.666666666666668
9,30,19.5
0,0,0.0
2,27,12.0
11,41,22.5
15,62,35.75
11,35,23.0
0,36,20.0
42,42,42.0
27,39,32.0
30,30,30.0
37,37,37.0
14,48,31.0
5,31,19.75
7,26,16.5
6,47,22.75
8,29,15.0
15,30,22.333333333333332
7,7,7.0
5,62,25.4
0,0,0
10,44,30.6
14,17,15.5
7,19,14.25
17,43,30.0
3,34,14.333333333333334
6,38,17.0
10,39,25.0
43,46,44.5
4,52,26.4
10,15,12.5
9,24,15.8
15,15,15.0
11,36,23.5
3,3,3.0
16,43,27.0
0,41,17.333333333333332
5,36,20.5
6,42,25.4
5,61,27.666666666666668
9,21,15.0
18,20,19.0
0,0,0
4,21,10.25
8,14,11.0
10,16,13.0
8,41,29.25
23,31,26.0
15,15,15.0
12,30,22.0
6,13,8.25
15,49,32.0
25,25,25.0
2,50,22.666666666666668
3,20,11.5
5,34,17.25
14,39,25.333333333333332
14,31,23.0
11,27,17.0
17,17,17.0
6,21,13.25
4,35,19.5
10,21,16.25
13,13,13.0
19,34,23.25
8,38,19.333333333333332
17,34,25.5
5,29,19.0
21,28,24.5
12,57,30.75
26,27,26.5
5,6,5.5
20,33,26.5
3,9,6.666666666666667
3,32,16.8
5,36,18.75
8,10,9.0
15,30,21.333333333333332
10,40,25.0
10,19,14.5
7,7,7.0
3,29,18.75
0,0,0
14,39,26.0
23,23,23.0
13,13,13.0
4,16,10.4
20,27,23.5
21,35,28.2
9,21,15.75
18,18,18.0
9,38,24.25
17,33,25.0
13,28,19.0
27,27,27.0
0,24,14.666666666666666
17,19,18.0
9,24,17.285714285714285
24,24,24.0
11,26,19.0
18,26,22.0
13,34,26.2
9,40,24.5
0,26,12.0
7,33,20.5
7,44,25.5
12,33,23.0
3,31,17.75
4,12,8.0
19,28,24.0
1,35,18.0
9,21,13.0
26,31,28.5
13,37,25.0
15,37,21.166666666666668
9,28,18.5
5,33,14.4
19,26,22.5
20,31,26.666666666666668
28,39,33.5
4,35,20.0
7,32,17.333333333333332
0,19,8.0
1,26,13.5
14,30,22.0
6,28,17.0
46,46,46.0
2,30,15.0
20,26,23.0
23,33,28.0
7,31,19.0
13,19,16.5
32,37,34.5
21,25,23.0
2,51,28.6
18,18,18.0
9,27,20.0
10,21,15.8
1,47,25.666666666666668
13,13,13.0
9,32,20.8
25,25,25.0
4,4,4.0
8,51,33.0
19,33,26.25
3,38,25.75
21,37,29.0
20,46,31.25
0,0,0
16,61,29.0
44,44,44.0
13,43,23.2
35,45,40.0
13,41,27.0
6,38,23.4
15,44,30.4
7,25,16.333333333333332
2,50,26.0
8,57,26.0
17,44,32.666666666666664
5,37,20.4
9,39,27.0
1,30,9.222222222222221
15,29,23.0
17,35,26.0
8,21,14.5
3,22,11.333333333333334
11,23,15.75
15,49,32.666666666666664
2,35,20.75
7,36,22.666666666666668
40,52,46.0
5,36,25.666666666666668
15,64,39.75
22,37,28.5
10,10,10.0
31,45,38.333333333333336
2,39,19.666666666666668
34,34,34.0
4,53,23.666666666666668
12,63,36.0
2,43,21.285714285714285
10,26,18.0
21,55,37.0
8,8,8.0
7,44,26.5
8,28,18.0
44,44,44.0
1,29,12.666666666666666
15,32,23.5
2,55,20.666666666666668
24,24,24.0
10,38,24.0
3,41,15.0
18,23,20.5
10,34,24.25
12,46,28.8
29,30,29.5
3,37,17.6
5,27,17.666666666666668
27,36,31.5
8,8,8.0
3,46,25.0
0,0,0
28,43,35.5
61,61,61.0
35,41,38.0
0,0,0
26,44,35.333333333333336
8,34,16.25
2,31,12.5
70,70,70.0
0,0,0
10,38,24.0
4,38,22.8
14,33,25.0
0,48,24.75
11,24,19.333333333333332
22,43,32.5
12,41,30.6
4,5,4.5
16,27,20.0
51,51,51.0
17,25,20.333333333333332
35,39,37.0
27,27,27.0
12,25,18.5
23,23,23.0
15,39,30.333333333333332
2,38,27.2
8,57,34.333333333333336
8,40,27.666666666666668
21,30,25.0
32,65,44.666666666666664
5,29,17.0
5,59,25.0
2,24,13.0
2,2,2.0
19,24,21.5
12,51,28.25
7,22,16.166666666666668
28,39,33.5
16,39,27.666666666666668
17,19,18.0
8,70,24.166666666666668
0,43,28.0
12,28,17.4
6,30,17.0
15,43,29.0
0,0,0
5,51,30.0
14,43,28.5
20,25,22.5
22,36,30.5
12,41,26.5
7,7,7.0
8,42,24.0
7,34,15.25
6,45,26.0
13,36,25.666666666666668
5,26,16.0
19,52,35.25
13,22,17.5
26,52,39.0
0,26,12.333333333333334
15,34,26.0
0,0,0.0
12,46,29.8
17,24,21.666666666666668
2,33,12.4
7,59,31.0
8,21,14.0
8,58,34.2
6,16,11.0
14,54,32.25
34,43,38.5
0,32,12.0
36,79,52.25
2,44,24.333333333333332
33,34,33.666666666666664
13,31,24.666666666666668
1,72,24.75
13,13,13.0
17,62,38.857142857142854
4,33,17.333333333333332
0,0,0
12,34,22.333333333333332
30,77,53.5
8,37,20.6
3,26,16.6
2,14,8.0
23,30,26.666666666666668
3,40,19.666666666666668
6,39,25.333333333333332
9,40,26.5
13,38,28.0
17,59,34.666666666666664
15,25,21.333333333333332
20,46,33.666666666666664
23,38,32.666666666666664
8,32,16.666666666666668
36,51,43.5
5,52,28.5
17,25,22.0
4,29,18.2
80,80,80.0
19,19,19.0
13,33,21.333333333333332
2,35,18.5
25,28,26.333333333333332
18,36,26.4
10,33,23.4
15,26,19.75
18,60,29.8
3,34,17.0
10,24,17.0
1,30,15.5
51,59,55.0
11,56,28.666666666666668
14,62,36.6
9,18,13.5
17,39,28.0
5,32,22.333333333333332
16,35,25.666666666666668
17,73,38.833333333333336
12,30,21.0
25,41,32.5
31,64,47.5
18,65,42.25
21,31,26.0
1,41,24.2
13,24,18.5
4,78,35.8
2,49,22.0
10,35,21.833333333333332
5,5,5.0
5,42,21.166666666666668
18,18,18.0
27,64,45.333333333333336
23,49,33.666666666666664
18,65,33.5
33,33,33.0
12,62,29.75
33,33,33.0
13,75,33.166666666666664
15,30,22.5
12,69,38.333333333333336
18,35,26.5
7,31,19.75
15,23,19.0
2,37,16.0
17,31,23.25
23,50,36.5
13,39,26.875
25,25,25.0
0,0,0
12,12,12.0
12,44,21.5
0,33,12.75
0,0,0
1,42,19.5
9,58,26.0
16,33,21.5
8,30,20.5
17,31,23.25
20,44,32.5
12,35,23.5
2,31,12.666666666666666
11,11,11.0
20,47,32.5
9,25,15.0
19,38,28.25
17,35,25.666666666666668
0,50,18.75
6,6,6.0
11,56,29.333333333333332
13,28,19.0
17,43,30.0
21,28,24.666666666666668
4,39,20.0
0,0,0
3,60,22.2
22,24,23.0
0,29,14.5
34,38,36.0
12,36,21.25
9,20,14.5
2,28,16.333333333333332
7,7,7.0
10,32,20.666666666666668
12,12,12.0
8,37,24.75
21,28,24.5
12,12,12.0
12,46,26.8
9,21,15.0
15,54,34.5
7,49,26.333333333333332
3,3,3.0
11,45,27.0
7,18,12.666666666666666
51,51,51.0
14,52,28.0
6,26,13.333333333333334
8,43,22.0
22,22,22.0
18,40,27.2
24,24,24.0
19,53,31.333333333333332
6,42,19.666666666666668
10,33,20.333333333333332
2,38,16.666666666666668
14,48,34.0
31,37,34.0
14,20,17.0
4,36,21.2
15,15,15.0
5,37,16.571428571428573
13,25,19.0
14,24,17.5
10,29,21.0
14,15,14.5
26,26,26.0
20,41,32.0
10,28,20.666666666666668
4,31,21.75
11,29,19.0
5,27,12.25
9,43,26.0
8,21,14.666666666666666
7,49,21.571428571428573
31,33,32.0
7,51,29.0
31,46,40.666666666666664
0,30,19.666666666666668
24,66,41.333333333333336
8,43,25.5
18,57,42.333333333333336
32,36,34.0
33,50,42.0
7,36,25.75
9,21,16.333333333333332
6,39,26.8
20,31,24.0
2,25,13.5
12,20,16.25
7,7,7.0
17,52,33.333333333333336
6,12,9.0
24,64,41.333333333333336
10,30,22.5
5,36,22.333333333333332
3,33,18.0
0,0,0
10,30,16.666666666666668
18,38,25.8
15,15,15.0
2,17,11.666666666666666
10,39,27.4
9,9,9.0
4,83,33.0
13,49,27.666666666666668
14,14,14.0
5,27,14.2
12,36,24.0
0,0,0
13,50,26.5
17,63,36.5
5,46,19.2
12,43,27.5
6,33,22.0
29,74,51.0
9,39,18.333333333333332
0,0,0
10,38,20.0
21,21,21.0
14,36,24.0
5,54,23.5
9,9,9.0
14,18,16.0
28,51,39.5
0,34,13.5
11,52,26.0
17,42,29.5
2,8,5.0
0,0,0
0,38,20.833333333333332
15,15,15.0
11,68,39.0
3,33,15.5
12,59,35.5
8,51,29.5
14,30,22.0
32,69,50.5
13,43,28.333333333333332
11,25,18.0
26,26,26.0
13,57,38.666666666666664
28,66,46.666666666666664
0,2,1.0
9,39,20.2
53,65,59.0
10,25,18.5
8,54,30.666666666666668
9,36,19.25
4,46,21.0
21,51,34.333333333333336
11,50,25.25
4,24,14.0
17,38,29.666666666666668
15,47,33.333333333333336
8,8,8.0
5,29,15.0
23,56,43.666666666666664
11,19,16.0
13,29,21.0
3,26,13.0
6,13,9.5
0,27,13.5
17,17,17.0
5,36,21.666666666666668
15,63,34.0
10,31,19.833333333333332
4,76,41.6
8,24,17.75
11,31,17.666666666666668
10,11,10.5
9,69,35.666666666666664
6,6,6.0
16,44,30.0
6,53,22.666666666666668
16,16,16.0
3,17,10.0
19,51,30.333333333333332
5,28,20.5
2,34,18.0
5,45,19.0
6,64,38.333333333333336
8,45,23.666666666666668
4,76,30.666666666666668
11,18,15.0
3,108,43.333333333333336
7,28,18.333333333333332
17,74,45.5
14,56,36.25
7,69,27.25
2,51,17.25
6,38,14.0
9,17,12.5
19,44,31.5
30,55,42.5
13,40,26.5
0,0,0
14,87,44.166666666666664
3,16,8.8
3,12,7.5
9,35,18.0
5,32,18.5
7,53,23.333333333333332
8,67,29.6
7,19,14.0
21,57,44.0
0,49,17.5
9,28,21.0
5,48,25.4
8,8,8.0
10,62,38.2
5,39,19.75
7,58,26.0
16,17,16.5
20,65,35.333333333333336
13,54,27.333333333333332
17,52,33.5
16,29,24.666666666666668
16,53,28.666666666666668
21,34,27.5
8,49,28.5
9,22,17.333333333333332
5,17,11.0
17,17,17.0
6,12,10.0
9,41,21.0
6,25,14.0
4,40,13.75
21,63,45.666666666666664
3,26,15.75
7,27,16.333333333333332
2,38,20.0
4,4,4.0
10,31,21.5
5,5,5.0
13,27,20.333333333333332
1,28,17.333333333333332
8,18,12.6
18,30,24.666666666666668
13,49,31.0
2,14,8.0
18,27,22.666666666666668
7,34,20.333333333333332
4,19,12.333333333333334
0,0,0
4,43,23.5
5,25,15.0
13,16,14.5
0,0,0
17,40,28.5
48,48,48.0
41,58,49.5
10,13,11.5
32,32,32.0
10,12,11.0
5,29,22.5
18,30,24.0
10,10,10.0
0,0,0
30,83,55.0
4,51,23.0
0,0,0
19,22,20.5
10,34,22.0
10,18,14.0
19,28,23.5
4,61,31.333333333333332
8,8,8.0
16,16,16.0
11,23,17.0
14,22,18.25
26,28,27.0
14,32,23.0
0,25,11.666666666666666
12,33,23.0
2,21,11.5
7,24,12.666666666666666
2,20,11.0
8,18,13.0
9,30,19.5
6,32,17.333333333333332
0,0,0
12,45,29.333333333333332
0,0,0
42,48,45.0
3,20,11.5
50,50,50.0
15,38,26.0
8,14,11.0
10,22,16.0
10,47,31.8
8,58,37.333333333333336
1,39,18.8
7,38,22.333333333333332
17,35,25.25
11,11,11.0
14,61,29.666666666666668
8,43,20.0
10,37,21.666666666666668
19,23,21.0
10,52,27.875
19,19,19.0
29,29,29.0
47,47,47.0
10,34,22.333333333333332
22,53,35.25
5,10,7.666666666666667
8,29,19.428571428571427
15,24,20.666666666666668
18,42,30.0
27,34,30.5
7,30,21.666666666666668
11,17,14.25
0,25,12.5
27,46,33.25
16,34,27.666666666666668
15,45,26.75
4,33,17.714285714285715
23,52,35.0
26,39,30.5
17,36,24.333333333333332
10,46,33.75
6,25,16.0
23,33,26.666666666666668
0,0,0
25,25,25.0
5,37,25.0
26,54,40.0
14,25,18.333333333333332
14,46,30.75
7,21,14.0
3,18,10.5
16,77,42.0
23,37,28.0
7,33,18.75
15,48,27.75
15,39,27.0
17,17,17.0
2,46,25.833333333333332
9,27,17.0
8,43,27.75
35,35,35.0
12,39,21.0
6,35,23.4
2,42,18.2
7,68,29.0
9,9,9.0
9,37,18.666666666666668
7,52,30.6
13,43,25.666666666666668
11,48,29.6
25,51,36.75
0,0,0.0
34,58,46.0
19,39,28.0
5,34,15.333333333333334
42,42,42.0
14,77,35.6
19,53,35.8
15,22,18.333333333333332
4,23,15.0
7,21,16.0
4,52,25.0
17,71,41.666666666666664
9,59,27.8
11,56,33.5
5,40,26.666666666666668
14,29,21.5
6,42,25.4
10,40,23.666666666666668
18,58,37.25
24,46,33.333333333333336
1,67,27.6
6,49,27.5
21,47,34.0
7,24,17.0
22,22,22.0
24,52,41.666666666666664
34,34,34.0
17,44,32.666666666666664
27,27,27.0
21,50,32.333333333333336
57,81,69.0
38,38,38.0
12,32,25.75
12,55,27.333333333333332
7,7,7.0
15,63,41.75
19,53,29.6
19,53,34.8
3,16,9.5
37,58,47.666666666666664
2,21,10.0
20,55,32.5
0,0,0
15,44,25.0
17,36,24.0
16,21,18.333333333333332
16,17,16.5
0,0,0
26,39,32.5
7,40,24.333333333333332
18,52,28.0
20,37,28.5
21,57,34.666666666666664
22,34,28.0
39,39,39.0
5,54,33.833333333333336
28,35,31.5
22,22,22.0
16,16,16.0
17,38,31.5
0,0,0
9,70,37.0
4,58,31.25
26,43,35.0
16,39,30.333333333333332
10,19,14.5
4,52,31.8
43,43,43.0
25,44,34.5
11,11,11.0
3,31,14.333333333333334
10,50,26.75
59,59,59.0
0,35,18.666666666666668
4,37,17.666666666666668
15,38,24.4
14,39,22.666666666666668
29,46,39.0
23,63,43.0
42,67,51.75
1,23,15.0
3,28,17.4
1,21,11.2
31,36,33.666666666666664
5,22,15.5
27,53,39.6
3,16,9.0
14,28,19.0
36,36,36.0
6,56,29.5
14,17,15.5
15,15,15.0
17,37,25.0
1,45,18.0
19,19,19.0
4,36,19.666666666666668
13,84,34.6
4,21,14.0
7,26,19.333333333333332
9,56,23.75
1,33,17.0
1,61,28.166666666666668
12,34,23.0
2,48,21.0
8,41,22.0
16,59,37.4
40,40,40.0
13,45,26.0
22,57,39.5
19,41,30.0
23,42,33.0
23,37,31.0
20,25,22.5
4,14,9.0
7,32,16.5
5,37,19.0
2,44,23.0
21,41,29.666666666666668
23,36,29.5
0,30,18.0
24,24,24.0
4,27,15.0
18,26,22.0
16,67,31.0
10,24,16.333333333333332
29,59,37.5
15,38,24.0
8,81,44.5
4,69,26.5
12,52,26.2
34,36,35.0
18,57,41.4
15,26,19.666666666666668
8,36,25.25
12,35,25.0
12,43,30.333333333333332
0,57,27.571428571428573
10,19,14.5
8,56,31.5
11,19,14.666666666666666
13,36,24.666666666666668
9,64,42.0
7,63,29.75
24,30,27.0
3,62,32.5
0,38,19.0
13,45,29.714285714285715
31,50,40.5
19,35,27.5
14,54,33.5
1,32,16.5
10,20,14.333333333333334
1,44,19.666666666666668
12,37,24.5
3,47,24.4
0,0,0
13,36,23.0
5,52,22.333333333333332
10,23,16.8
0,25,9.0
22,85,46.2
6,45,23.4
23,23,23.0
0,49,22.25
18,35,25.0
8,46,29.333333333333332
12,31,21.5
11,57,32.666666666666664
4,37,23.666666666666668
20,23,21.5
28,54,39.25
12,12,12.0
17,49,31.0
0,5,2.5
7,31,21.75
17,52,36.75
21,105,47.666666666666664
10,49,27.25
10,31,20.5
12,32,25.166666666666668
11,41,22.6
17,33,26.25
24,57,33.0
7,38,22.5
16,36,24.25
15,44,30.333333333333332
9,53,26.666666666666668
8,22,15.0
39,42,40.5
7,24,15.5
13,26,19.5
3,54,24.5
22,35,28.5
12,22,17.0
1,3,2.0
42,42,42.0
6,92,38.0
4,39,23.25
15,46,27.25
15,44,27.666666666666668
16,37,26.5
26,56,39.0
26,36,29.0
12,41,30.166666666666668
8,26,17.0
19,49,35.25
14,32,25.0
12,67,44.0
68,68,68.0
32,52,42.666666666666664
9,9,9.0
23,39,28.2
14,14,14.0
21,34,28.333333333333332
19,19,19.0
28,35,32.0
25,80,52.5
21,41,27.4
27,53,40.333333333333336
25,32,28.5
18,33,27.5
13,50,31.4
24,39,31.5
6,22,12.5
34,55,46.666666666666664
0,0,0.0
1,30,17.0
26,26,26.0
1,61,35.4
23,40,31.5
29,29,29.0
14,14,14.0
15,24,19.5
8,42,23.0
7,45,25.5
32,32,32.0
30,31,30.333333333333332
2,56,20.0
9,32,26.166666666666668
18,46,33.333333333333336
8,27,17.25
35,35,35.0
0,37,18.5
51,51,51.0
44,44,44.0
0,36,18.0
4,4,4.0
3,45,19.333333333333332
18,46,31.0
12,35,26.0
11,66,33.666666666666664
7,27,17.0
13,32,22.5
38,38,38.0
6,36,19.4
9,19,15.333333333333334
1,33,15.5
8,52,30.0
19,42,30.666666666666668
3,39,14.4
0,36,23.666666666666668
5,50,27.0
5,38,20.666666666666668
18,36,28.0
38,38,38.0
9,40,24.25
7,35,21.0
68,68,68.0
30,58,39.666666666666664
12,20,16.0
4,41,22.5
6,65,27.666666666666668
37,39,37.666666666666664
8,23,15.5
14,31,22.25
10,41,27.75
13,30,21.5
7,37,21.857142857142858
21,46,33.0
9,37,27.333333333333332
7,18,12.5
2,37,22.6
4,63,37.5
15,47,31.0
9,51,24.0
20,98,51.75
13,13,13.0
0,57,33.285714285714285
0,0,0
22,83,43.0
18,52,35.0
8,24,15.0
41,71,53.2
14,47,29.0
12,44,26.0
8,34,23.6
31,45,38.0
15,45,33.6
1,35,13.5
28,50,37.333333333333336
39,39,39.0
14,14,14.0
6,62,25.75
1,27,14.0
18,25,21.5
3,51,22.25
22,22,22.0
16,40,25.75
2,48,24.0
0,51,29.5
9,35,22.0
2,27,15.0
21,35,28.0
11,46,24.25
21,21,21.0
14,54,34.0
6,45,24.0
7,39,22.8
34,41,37.333333333333336
18,50,32.666666666666664
6,18,13.8
27,60,43.5
31,49,39.666666666666664
29,64,45.4
6,51,32.0
20,61,43.4
12,27,19.5
27,27,27.0
9,39,21.8
26,26,26.0
1,14,9.666666666666666
9,60,29.25
16,18,17.0
10,41,26.25
4,39,21.5
17,39,25.666666666666668
19,30,24.5
9,18,14.333333333333334
13,25,19.0
8,37,21.8
1,66,25.333333333333332
15,29,21.666666666666668
15,34,21.25
9,32,17.75
6,29,20.5
7,21,13.25
17,32,24.5
11,20,15.25
20,48,33.25
25,43,34.0
11,27,16.5
8,12,10.0
15,97,56.0
11,28,18.25
26,26,26.0
14,38,25.333333333333332
5,15,10.0
20,20,20.0
8,11,9.5
19,64,38.0
15,38,28.0
12,48,29.0
9,32,20.5
14,50,30.857142857142858
29,29,29.0
20,27,23.5
19,31,25.75
14,21,17.5
6,31,23.0
15,18,16.5
20,36,28.0
12,16,14.0
8,46,25.0
13,21,17.0
34,34,34.0
2,36,18.0
12,35,23.5
11,24,17.5
6,25,17.0
10,43,26.5
1,25,13.0
1,59,27.0
5,33,18.25
10,50,26.666666666666668
11,41,24.25
21,21,21.0
9,27,14.0
7,8,7.5
4,27,13.333333333333334
4,33,15.333333333333334
2,2,2.0
39,56,47.5
2,13,7.5
17,28,23.666666666666668
14,27,21.2
20,52,31.0
11,28,18.5
13,26,21.333333333333332
12,44,22.833333333333332
10,19,14.8
3,24,12.4
14,27,21.833333333333332
16,16,16.0
10,41,26.0
5,5,5.0
27,54,40.5
21,29,25.0
31,32,31.5
1,37,13.0
8,22,15.75
6,25,17.0
13,41,24.0
0,18,9.333333333333334
8,22,15.0
9,19,13.0
4,15,9.5
12,35,23.5
2,40,20.6
12,12,12.0
6,14,10.0
12,16,13.666666666666666
21,56,38.5
3,30,13.6
13,25,17.333333333333332
0,0,0
3,31,18.142857142857142
33,33,33.0
0,45,18.0
38,39,38.5
2,13,8.0
17,33,23.0
3,19,13.0
9,45,22.75
11,28,19.5
21,35,27.0
19,22,20.333333333333332
14,30,20.0
14,37,24.666666666666668
13,34,22.5
9,11,10.0
8,42,19.8
35,35,35.0
7,15,10.666666666666666
12,14,13.0
15,57,36.0
16,39,27.5
2,48,25.0
0,32,15.5
6,24,16.75
1,18,11.666666666666666
18,36,22.4
37,37,37.0
18,18,18.0
1,8,4.5
2,21,11.5
3,66,28.0
2,41,21.5
25,25,25.0
6,19,13.333333333333334
0,7,3.5
11,83,37.25
11,11,11.0
18,42,30.0
14,24,19.8
13,13,13.0
16,16,16.0
10,36,18.6
44,44,44.0
8,8,8.0
5,25,15.4
11,29,20.0
14,20,17.666666666666668
9,12,10.333333333333334
11,20,15.6
9,20,13.333333333333334
8,8,8.0
4,30,14.6
0,11,3.6666666666666665
8,32,22.333333333333332
10,10,10.0
10,34,15.4
18,18,18.0
6,35,17.666666666666668
0,7,4.142857142857143
11,11,11.0
15,30,23.2
14,28,20.0
19,42,31.333333333333332
11,22,18.0
13,21,16.25
31,31,31.0
0,0,0
8,35,21.5
3,33,20.333333333333332
13,13,13.0
10,62,25.2
10,28,20.666666666666668
0,16,7.666666666666667
3,29,18.0
19,20,19.5
1,37,19.8
11,18,14.0
13,13,13.0
11,26,18.5
0,0,0.0
16,34,25.666666666666668
0,20,10.0
0,31,13.6
2,15,8.5
1,28,15.666666666666666
3,19,12.75
3,26,16.75
9,29,19.0
13,48,30.25
29,49,37.333333333333336
11,24,16.666666666666668
8,42,26.0
1,27,12.5
4,19,11.5
9,34,21.5
18,25,21.5
1,1,1.0
9,55,23.166666666666668
7,23,17.333333333333332
14,31,24.0
4,33,15.0
8,43,18.2
17,52,27.0
6,6,6.0
9,33,20.4
17,36,26.5
15,17,16.0
14,21,17.5
8,27,18.333333333333332
3,25,15.75
3,36,15.0
3,17,11.0
24,26,25.0
14,31,22.0
1,17,8.25
8,37,23.666666666666668
13,43,26.0
8,17,13.666666666666666
41,41,41.0
1,9,5.0
23,23,23.0
7,27,17.0
7,23,17.0
0,0,0
7,63,26.0
13,35,24.333333333333332
19,19,19.0
15,29,23.333333333333332
26,35,30.5
3,42,20.2
1,38,17.2
28,42,35.0
6,35,23.5
6,36,17.5
0,0,0
13,26,19.5
8,31,22.0
4,11,8.25
3,13,9.333333333333334
12,12,12.0
10,21,15.25
8,16,13.0
21,27,24.333333333333332
6,18,10.75
7,19,13.0
3,39,19.571428571428573
5,23,16.666666666666668
9,38,26.5
9,20,15.666666666666666
5,24,14.5
1,6,3.5
3,22,12.0
18,18,18.0
10,17,13.5
21,22,21.666666666666668
10,33,23.75
3,32,15.75
13,18,15.5
18,20,19.333333333333332
7,28,16.5
7,7,7.0
0,0,0
13,47,28.6
0,0,0
9,34,19.333333333333332
10,36,19.0
22,22,22.0
16,33,24.666666666666668
6,32,21.2
5,26,13.0
2,17,7.666666666666667
4,27,17.666666666666668
0,0,0
20,25,22.333333333333332
36,49,42.5
3,30,16.0
11,24,17.5
22,23,22.5
4,39,21.75
15,38,24.333333333333332
0,0,0
2,17,7.0
14,14,14.0
2,9,6.333333333333333
2,11,6.666666666666667
26,26,26.0
8,13,10.5
9,35,18.0
6,6,6.0
2,35,21.2
11,11,11.0
4,23,16.6
1,28,13.166666666666666
21,32,26.5
8,31,22.0
26,42,34.0
7,18,12.8
15,37,29.333333333333332
17,31,22.0
12,25,18.0
1,13,7.0
12,12,12.0
11,17,14.0
8,17,12.5
4,11,7.5
18,24,21.0
6,15,12.0
17,18,17.5
9,35,16.6
19,19,19.0
10,19,14.5
1,11,5.333333333333333
20,38,31.0
2,9,5.5
17,32,24.666666666666668
7,7,7.0
7,27,17.0
15,29,24.0
2,2,2.0
8,24,16.0
12,18,15.0
0,14,7.0
4,21,14.333333333333334
4,22,13.0
22,22,22.0
13,29,22.2
11,17,12.75
4,12,8.0
14,22,17.8
5,35,21.25
0,0,0
5,27,12.8
14,33,23.5
7,22,13.6
1,29,15.0
16,20,18.0
18,48,28.666666666666668
6,36,21.666666666666668
27,27,27.0
19,19,19.0
3,31,17.0
6,24,13.666666666666666
12,22,16.333333333333332
13,30,23.5
35,40,38.0
28,28,28.0
21,39,30.0
0,19,13.0
8,49,20.0
4,33,14.0
12,37,24.5
12,33,22.333333333333332
6,59,32.5
17,50,35.6
2,24,13.0
36,36,36.0
19,55,37.0
16,45,24.0
13,35,22.5
6,19,12.5
1,38,26.2
28,28,28.0
12,35,23.0
7,9,8.0
16,32,24.0
32,32,32.0
2,44,25.75
21,21,21.0
1,41,22.4
25,42,31.666666666666668
10,64,32.25
15,24,18.333333333333332
11,33,24.0
0,30,15.0
25,43,31.666666666666668
0,19,9.5
5,52,30.0
8,50,24.333333333333332
15,29,22.5
10,37,23.333333333333332
0,15,8.4
14,46,32.333333333333336
1,40,23.666666666666668
20,49,32.666666666666664
24,24,24.0
18,18,18.0
21,48,33.333333333333336
7,41,24.5
5,34,20.333333333333332
7,54,36.666666666666664
33,38,35.5
3,25,15.5
14,34,24.0
8,38,23.0
29,52,40.5
2,43,20.0
5,45,18.0
10,15,12.5
9,34,21.5
5,50,25.75
20,51,35.4
10,18,14.0
10,37,28.0
7,47,23.666666666666668
15,35,22.0
13,41,29.166666666666668
5,59,20.25
7,22,15.5
36,36,36.0
12,35,23.5
13,33,20.0
15,18,16.5
19,19,19.0
40,52,46.0
28,40,34.0
1,44,22.714285714285715
30,30,30.0
8,8,8.0
41,41,41.0
8,29,18.0
32,59,43.25
11,42,26.5
8,12,10.0
9,31,23.0
23,32,26.0
31,46,36.333333333333336
14,70,42.0
0,34,20.4
14,27,21.0
9,27,17.333333333333332
8,56,34.5
23,33,28.0
6,54,30.0
4,54,27.5
13,56,29.0
13,37,25.0
4,18,12.333333333333334
22,37,29.5
67,67,67.0
0,41,25.0
18,43,34.0
0,0,0
4,22,12.2
14,35,24.75
21,59,40.0
17,20,18.5
18,33,26.0
11,29,20.666666666666668
3,27,16.75
18,28,23.0
9,12,10.5
5,26,15.5
10,37,19.8
13,13,13.0
9,41,24.0
8,25,16.5
22,22,22.0
33,41,37.0
9,24,16.5
16,28,21.5
20,20,20.0
3,58,34.0
0,0,0
11,40,23.333333333333332
6,34,21.5
15,46,28.0
19,30,24.5
16,84,39.0
6,6,6.0
7,16,11.75
14,24,20.666666666666668
8,17,12.5
33,35,34.0
12,12,12.0
4,23,12.4
18,36,27.0
22,24,23.333333333333332
12,36,25.5
7,37,22.25
7,11,9.0
10,41,27.5
21,29,25.0
6,27,17.666666666666668
24,45,34.0
9,27,16.0
0,0,0
11,22,16.666666666666668
43,43,43.0
14,55,31.25
8,41,28.666666666666668
18,54,32.666666666666664
7,42,24.5
10,10,10.0
28,42,35.0
25,25,25.0
14,14,14.0
16,38,28.333333333333332
16,37,24.333333333333332
0,0,0
19,56,32.0
16,26,20.0
12,12,12.0
8,42,21.0
15,19,17.0
17,36,27.25
15,42,26.8
6,23,14.5
21,55,37.5
3,25,14.0
4,36,20.0
11,45,26.5
34,34,34.0
5,17,12.25
4,20,14.0
6,23,14.5
17,53,35.8
12,17,15.0
4,50,25.857142857142858
14,58,29.0
20,20,20.0
4,26,17.5
38,38,38.0
17,17,17.0
12,30,18.333333333333332
19,42,30.5
0,0,0
29,55,42.0
17,42,30.5
31,41,36.0
0,0,0
4,36,26.5
13,18,15.5
36,58,47.0
0,26,16.333333333333332
27,43,35.333333333333336
0,0,0
13,43,29.714285714285715
20,30,25.0
11,37,24.0
15,25,20.0
0,0,0
29,29,29.0
46,58,52.0
15,36,26.0
19,19,19.0
2,35,19.6
18,28,21.666666666666668
26,36,31.333333333333332
21,40,29.0
16,26,20.0
22,46,34.0
18,45,30.333333333333332
15,27,21.0
21,49,31.0
16,53,33.6
12,38,22.75
17,46,30.333333333333332
14,66,32.0
19,48,32.8
23,23,23.0
24,27,25.5
29,31,30.0
33,40,36.5
3,31,20.333333333333332
4,28,16.0
33,55,44.0
30,45,35.666666666666664
15,29,23.75
0,0,0
14,56,38.75
20,47,34.0
14,42,32.0
13,30,21.5
15,62,34.666666666666664
35,63,47.666666666666664
8,35,16.5
22,33,27.5
9,43,27.0
29,29,29.0
4,4,4.0
25,46,35.5
13,34,25.25
6,6,6.0
15,43,31.333333333333332
19,30,24.5
13,46,27.25
6,27,13.75
25,40,32.666666666666664
16,34,23.5
8,38,23.0
7,53,26.5
15,20,18.0
15,45,29.0
20,30,25.0
14,73,39.0
19,19,19.0
15,66,40.5
22,56,42.75
21,33,27.0
12,64,30.333333333333332
20,20,20.0
0,0,0
25,33,28.666666666666668
19,19,19.0
19,50,31.0
7,31,18.75
7,32,17.333333333333332
11,18,14.5
0,49,20.0
12,38,25.0
1,17,11.333333333333334
46,52,49.0
9,30,19.5
15,36,25.333333333333332
13,40,26.5
37,42,39.5
51,51,51.0
11,26,18.5
3,54,25.0
21,54,36.5
20,33,26.5
58,74,66.0
22,24,23.0
39,44,40.25
18,18,18.0
20,37,31.75
11,35,23.666666666666668
34,68,50.0
29,49,38.4
23,26,24.5
11,50,31.571428571428573
15,19,17.0
62,62,62.0
10,38,20.666666666666668
37,46,41.5
2,40,19.0
16,45,33.0
12,40,26.5
15,65,48.0
31,61,43.8
48,76,58.666666666666664
22,22,22.0
24,51,38.5
76,76,76.0
5,49,36.25
3,52,30.8
19,19,19.0
27,67,44.2
14,49,26.25
31,64,51.25
18,51,31.0
12,41,26.5
10,64,38.333333333333336
34,36,35.0
32,46,39.0
32,33,32.5
1,62,33.125
7,32,19.5
18,39,27.75
25,25,25.0
13,56,32.0
4,81,26.0
15,87,47.8
31,80,54.666666666666664
23,76,45.666666666666664
5,59,35.2
17,17,17.0
38,73,50.333333333333336
13,62,35.0
33,33,33.0
0,35,19.0
20,51,33.75
8,71,39.5
4,40,21.333333333333332
41,63,49.25
16,16,16.0
18,49,31.75
6,78,43.5
0,29,14.75
13,90,42.666666666666664
0,59,33.4
9,56,28.8
6,51,31.25
5,30,19.333333333333332
30,30,30.0
10,45,29.25
19,28,24.666666666666668
26,43,34.5
13,102,55.666666666666664
16,46,31.0
47,47,47.0
18,64,37.666666666666664
5,95,43.5
31,31,31.0
6,58,27.857142857142858
9,51,29.333333333333332
13,97,49.666666666666664
9,23,16.0
34,71,52.5
33,33,33.0
32,37,34.75
6,34,20.0
28,41,34.5
2,103,53.5
4,4,4.0
19,48,31.666666666666668
0,37,18.5
40,67,50.666666666666664
18,44,28.2
12,19,16.0
13,57,33.333333333333336
13,97,55.0
4,35,19.5
18,28,22.0
24,54,40.0
49,49,49.0
19,47,33.0
31,87,64.66666666666667
6,48,27.0
23,117,57.75
11,28,17.333333333333332
9,62,36.0
5,54,30.666666666666668
12,47,24.4
37,45,41.0
4,63,40.333333333333336
8,41,24.5
11,32,21.4
24,35,31.0
13,94,49.0
16,55,40.4
14,40,25.0
7,25,16.0
4,51,32.0
18,35,28.0
4,49,23.666666666666668
10,61,34.0
0,0,0
30,36,33.0
2,39,20.5
25,25,25.0
1,24,11.5
17,17,17.0
22,22,22.0
10,86,42.0
11,43,27.0
16,54,29.25
17,17,17.0
17,65,33.0
10,36,18.5
20,73,48.75
8,48,27.333333333333332
2,28,15.0
8,24,16.0
18,49,31.0
0,32,18.333333333333332
15,49,32.0
26,108,67.0
13,75,43.0
11,49,28.666666666666668
7,62,22.75
0,35,19.666666666666668
13,78,32.75
17,30,22.666666666666668
23,23,23.0
13,49,34.0
14,41,26.5
19,24,22.333333333333332
5,32,17.666666666666668
12,47,27.6
12,32,23.0
16,81,41.666666666666664
0,16,9.75
14,89,39.0
23,57,39.0
15,44,33.0
16,72,51.666666666666664
47,60,53.5
21,84,52.5
20,53,36.5
11,31,20.5
10,19,14.5
18,71,41.333333333333336
6,58,26.285714285714285
0,0,0
6,31,20.714285714285715
34,34,34.0
15,78,38.666666666666664
19,36,25.666666666666668
15,38,25.333333333333332
11,84,40.0
16,62,37.5
31,54,40.0
3,72,26.5
25,25,25.0
27,27,27.0
7,17,12.0
9,50,23.0
25,89,56.0
11,46,26.8
17,17,17.0
14,89,36.857142857142854
19,54,36.5
12,40,22.8
10,34,22.0
22,55,37.0
13,27,18.333333333333332
1,46,16.4
7,40,19.333333333333332
19,54,38.0
14,91,38.166666666666664
22,22,22.0
10,35,26.666666666666668
7,30,17.333333333333332
12,40,27.166666666666668
21,24,22.5
19,47,35.0
8,46,23.666666666666668
14,58,29.6
24,32,27.0
7,49,25.833333333333332
97,97,97.0
16,26,21.0
10,29,17.6
7,68,26.8
21,72,46.0
9,24,17.0
7,80,32.4
4,36,18.25
16,75,41.25
5,36,17.333333333333332
0,0,0.0
19,39,29.0
20,41,34.25
7,7,7.0
44,44,44.0
8,45,28.25
9,32,20.5
17,17,17.0
17,21,19.0
22,34,28.0
12,23,17.5
21,57,32.0
11,59,26.25
34,36,35.0
18,75,40.5
25,42,33.5
7,93,43.0
6,33,19.5
17,47,31.75
9,44,23.0
13,43,32.0
7,20,13.5
12,31,19.6
33,48,40.0
11,19,14.75
10,44,23.6
1,45,23.0
18,57,29.4
8,37,20.5
18,38,28.5
17,32,22.666666666666668
24,37,30.333333333333332
7,37,23.0
19,52,30.666666666666668
4,43,20.0
0,19,11.0
18,32,27.333333333333332
59,59,59.0
14,38,21.5
10,21,15.5
12,41,22.6
19,67,37.25
0,0,0.0
14,27,20.5
40,73,56.5
16,30,26.0
0,0,0
9,81,33.0
37,46,41.5
40,55,45.666666666666664
14,49,33.0
39,41,40.0
20,21,20.5
12,49,33.666666666666664
29,36,32.333333333333336
19,48,33.833333333333336
0,0,0
15,24,19.5
15,31,24.0
16,38,32.4
10,57,30.75
17,32,24.666666666666668
11,45,27.0
25,37,33.0
2,18,11.75
4,38,19.25
6,44,25.0
23,35,29.0
7,68,33.0
21,26,23.5
14,20,17.25
23,51,36.5
30,52,40.8
10,40,19.75
29,51,36.666666666666664
19,44,34.4
13,47,26.0
14,51,26.8
6,31,18.5
8,8,8.0
12,39,25.75
2,14,8.0
9,36,20.5
6,40,21.333333333333332
43,43,43.0
18,50,30.166666666666668
0,38,15.666666666666666
17,62,37.4
6,11,8.5
12,38,22.25
21,31,25.333333333333332
7,20,11.666666666666666
20,37,28.5
42,42,42.0
22,22,22.0
0,51,19.833333333333332
13,42,27.5
20,20,20.0
0,0,0
9,9,9.0
32,32,32.0
13,13,13.0
8,18,13.0
16,33,24.5
35,50,42.5
3,3,3.0
17,42,27.0
9,50,22.8
5,12,8.5
4,33,17.666666666666668
14,35,21.333333333333332
8,26,17.0
17,26,22.666666666666668
7,12,9.5
5,32,15.0
14,14,14.0
7,58,29.25
19,19,19.0
4,21,12.5
3,66,36.2
11,41,23.4
18,50,34.25
53,63,58.0
1,8,4.5
14,49,26.4
11,35,25.666666666666668
0,32,18.25
6,36,21.0
25,47,36.0
16,58,41.0
1,39,19.833333333333332
11,41,22.2
47,47,47.0
2,20,9.333333333333334
16,79,42.25
4,37,24.0
25,88,56.5
6,10,8.0
9,9,9.0
17,51,33.5
20,39,29.5
4,64,41.666666666666664
16,31,23.5
41,45,43.0
23,49,34.0
18,36,26.25
1,38,22.5
4,18,10.0
33,36,34.5
6,61,36.333333333333336
34,60,47.0
5,46,25.666666666666668
77,77,77.0
3,23,13.0
11,55,38.5
19,70,38.4
62,62,62.0
15,46,28.5
0,56,24.2
2,29,12.333333333333334
2,67,32.0
24,38,31.0
0,45,18.5
28,82,55.0
5,38,16.333333333333332
10,16,13.0
15,51,31.5
23,53,39.333333333333336
6,27,16.5
0,29,17.5
22,89,55.5
23,43,31.75
34,51,42.5
3,57,25.0
6,33,23.333333333333332
13,46,32.25
7,21,14.0
33,57,45.0
1,31,21.5
1,48,26.0
15,54,38.0
5,78,34.0
13,32,19.25
78,78,78.0
31,57,43.25
14,41,28.0
29,32,31.0
29,73,44.333333333333336
43,56,49.5
18,62,36.333333333333336
31,46,39.333333333333336
16,28,21.0
21,42,33.25
4,35,15.0
12,60,36.666666666666664
1,24,13.0
22,22,22.0
10,48,32.0
9,42,23.8
4,27,15.25
38,43,40.5
13,25,20.5
4,45,28.0
0,0,0
3,46,26.6
15,30,20.0
12,63,37.666666666666664
19,19,19.0
20,84,42.666666666666664
24,24,24.0
22,68,43.4
3,61,27.75
37,37,37.0
25,32,28.5
34,34,34.0
1,44,25.0
10,44,24.5
11,19,15.0
56,56,56.0
14,79,39.5
2,15,8.666666666666666
15,42,27.333333333333332
26,51,37.333333333333336
2,53,27.5
7,36,21.5
23,23,23.0
17,83,50.0
11,11,11.0
18,18,18.0
22,22,22.0
7,47,28.0
12,36,24.0
7,65,32.0
6,45,23.2
1,33,18.25
28,28,28.0
14,26,18.0
21,37,29.666666666666668
17,40,26.0
12,24,17.0
13,30,21.25
4,34,20.6
20,30,23.333333333333332
12,24,17.0
7,18,10.0
10,37,21.333333333333332
16,18,17.0
3,13,8.0
19,19,19.0
20,51,30.333333333333332
25,36,30.5
11,43,24.25
7,31,18.0
4,52,34.666666666666664
17,50,33.5
7,19,12.142857142857142
2,3,2.5
8,48,28.0
9,9,9.0
7,47,29.6
16,16,16.0
7,36,16.8
4,45,22.0
6,9,7.5
23,33,28.333333333333332
9,9,9.0
4,35,16.166666666666668
0,0,0
0,0,0
10,41,22.166666666666668
10,22,16.0
11,11,11.0
1,37,17.25
0,0,0
3,32,22.75
4,4,4.0
3,27,11.833333333333334
0,39,16.75
7,33,20.0
9,30,18.0
29,30,29.5
10,23,17.5
6,27,16.5
10,10,10.0
4,42,21.0
44,54,49.0
8,20,14.0
18,50,32.333333333333336
13,14,13.5
8,8,8.0
8,27,16.166666666666668
5,34,17.333333333333332
6,36,23.333333333333332
26,26,26.0
9,55,27.285714285714285
5,14,11.0
5,39,18.0
27,27,27.0
6,40,21.333333333333332
27,41,34.0
16,32,24.0
6,6,6.0
12,24,18.0
5,54,27.6
11,37,22.5
11,26,18.5
7,44,19.5
11,66,31.666666666666668
13,40,26.5
20,20,20.0
6,34,22.666666666666668
16,42,24.2
7,65,31.6
9,24,16.333333333333332
4,41,17.0
63,63,63.0
0,34,15.166666666666666
10,40,21.75
13,29,22.0
24,37,32.0
2,35,15.0
8,31,21.25
5,5,5.0
7,31,18.0
2,24,15.0
12,38,26.75
6,40,20.666666666666668
19,76,40.333333333333336
8,28,18.666666666666668
6,53,31.0
19,19,19.0
16,36,27.0
12,47,25.8
10,44,25.0
11,57,30.0
23,23,23.0
6,20,13.0
27,46,36.666666666666664
6,25,14.333333333333334
0,48,28.0
36,36,36.0
11,41,21.5
35,35,35.0
0,0,0
5,26,15.5
8,38,19.0
12,76,27.5
8,8,8.0
10,34,22.0
18,30,23.666666666666668
53,53,53.0
24,40,32.0
9,12,10.5
6,38,17.6
15,40,25.75
8,15,11.5
10,38,22.75
0,0,0
11,39,25.75
16,16,16.0
8,61,23.166666666666668
0,29,19.5
7,35,23.5
14,14,14.0
27,29,28.0
0,0,0
7,63,28.75
44,44,44.0
3,42,22.0
0,0,0
8,50,23.333333333333332
0,0,0
21,54,38.666666666666664
14,36,23.333333333333332
3,31,18.833333333333332
8,47,30.333333333333332
7,48,27.333333333333332
0,0,0
6,28,21.166666666666668
17,35,25.4
27,47,33.8
8,18,13.5
5,41,24.25
9,12,10.333333333333334
11,35,21.75
0,13,6.5
18,23,21.333333333333332
28,32,30.0
14,29,21.5
14,30,22.0
13,39,24.0
28,40,32.333333333333336
0,0,0.0
25,29,27.0
7,31,19.0
7,21,13.666666666666666
5,16,10.0
0,0,0
2,16,10.4
26,53,39.5
11,18,13.333333333333334
11,11,11.0
22,40,27.5
0,0,0
0,41,14.666666666666666
7,27,17.5
5,24,14.8
5,7,6.0
9,62,26.0
37,37,37.0
6,22,14.0
12,12,12.0
11,20,15.666666666666666
7,28,16.333333333333332
3,69,22.2
14,48,32.0
28,28,28.0
10,27,21.75
4,19,13.8
3,32,17.8
5,25,14.333333333333334
23,29,26.0
6,33,19.5
8,15,12.0
3,21,12.0
36,40,38.0
40,40,40.0
8,24,17.2
12,12,12.0
1,23,12.0
23,31,27.0
14,44,29.0
14,79,28.8
19,26,22.5
22,48,31.0
21,39,32.0
11,17,14.666666666666666
7,22,13.0
6,43,24.333333333333332
3,77,42.333333333333336
15,30,22.5
15,32,26.0
4,43,20.4
5,37,21.0
18,28,21.75
47,47,47.0
24,29,25.75
17,47,32.0
17,21,19.0
21,32,26.5
12,60,41.0
6,39,15.5
3,39,19.333333333333332
12,20,15.0
16,53,27.75
19,40,29.5
32,38,35.0
32,33,32.333333333333336
0,12,6.0
11,48,30.5
5,5,5.0
26,56,34.5
11,16,14.0
0,32,19.833333333333332
65,65,65.0
2,25,15.0
59,59,59.0
14,66,33.333333333333336
25,48,33.75
0,0,0
8,36,25.2
11,33,25.0
31,56,43.5
17,17,17.0
10,33,21.0
17,30,23.5
16,38,28.0
18,18,18.0
3,46,29.5
31,65,48.0
34,34,34.0
9,44,23.0
25,31,28.0
8,42,24.6
25,32,28.5
17,67,36.285714285714285
27,27,27.0
9,50,29.0
11,11,11.0
6,56,27.75
10,38,22.0
17,31,21.75
1,64,24.166666666666668
12,40,27.6
13,26,18.666666666666668
18,61,36.0
21,47,33.333333333333336
13,13,13.0
27,30,28.666666666666668
11,37,24.0
51,56,53.5
24,38,28.75
8,50,21.8
14,63,29.714285714285715
14,20,17.0
9,45,27.166666666666668
0,0,0.0
15,24,19.6
32,35,33.5
2,35,19.833333333333332
7,18,12.666666666666666
17,37,24.75
23,63,39.5
49,49,49.0
17,29,22.25
10,49,29.0
18,39,28.5
3,25,12.0
18,18,18.0
19,30,25.333333333333332
25,39,30.0
1,47,24.0
6,32,19.5
23,42,32.5
7,52,24.4
19,45,34.0
14,22,18.0
4,43,24.8
60,60,60.0
0,0,0
21,38,26.666666666666668
11,26,18.666666666666668
10,39,24.333333333333332
11,45,25.333333333333332
30,35,32.5
21,21,21.0
10,23,18.0
13,34,23.5
25,43,34.0
10,17,13.5
33,33,33.0
5,83,31.2
12,51,26.0
28,28,28.0
0,45,20.0
19,25,22.0
19,29,24.0
14,21,17.5
6,33,20.5
13,28,22.2
19,31,23.25
6,29,15.2
4,41,25.333333333333332
11,36,23.5
14,53,28.75
11,39,25.75
23,33,27.0
20,27,23.5
37,40,38.5
10,43,30.4
17,44,31.5
10,32,23.833333333333332
15,32,22.666666666666668
4,23,14.0
13,34,23.5
14,44,27.666666666666668
4,21,12.5
19,19,19.0
12,51,31.5
3,15,9.333333333333334
15,33,25.666666666666668
6,7,6.5
46,58,52.0
4,42,25.0
15,61,31.5
19,57,38.0
8,54,28.166666666666668
0,29,17.333333333333332
5,26,16.333333333333332
7,36,20.0
14,38,26.666666666666668
14,20,17.0
11,32,21.666666666666668
22,51,31.6
0,0,0
4,34,16.75
0,0,0
13,37,21.5
16,16,16.0
9,14,11.5
2,12,8.666666666666666
41,41,41.0
29,30,29.5
20,60,39.666666666666664
14,14,14.0
3,14,10.25
14,44,29.0
0,26,11.666666666666666
4,49,26.0
18,22,20.0
3,36,20.0
1,27,16.0
30,30,30.0
1,34,20.4
8,29,19.0
4,44,21.666666666666668
6,41,14.8
7,29,16.666666666666668
13,39,31.25
17,23,20.0
7,27,17.0
24,24,24.0
7,20,15.0
15,28,22.0
12,20,16.0
19,19,19.0
16,26,20.75
5,33,15.0
6,28,17.0
2,24,12.8
6,35,19.0
5,33,15.4
12,20,16.0
40,40,40.0
3,19,9.6
23,31,27.0
8,8,8.0
8,39,20.4
0,14,7.666666666666667
4,67,35.5
4,23,11.2
11,13,12.0
9,27,20.0
19,20,19.5
2,34,16.0
4,20,13.5
3,28,14.666666666666666
11,11,11.0
0,25,12.5
7,14,10.5
5,20,11.4
7,7,7.0
1,30,19.333333333333332
2,2,2.0
16,16,16.0
6,6,6.0
7,30,14.6
0,0,0
21,26,24.25
0,31,11.25
6,6,6.0
15,40,30.0
0,0,0
8,32,20.0
15,15,15.0
4,35,20.0
16,56,33.25
15,30,20.666666666666668
9,45,22.25
17,29,23.0
21,36,29.0
8,8,8.0
14,23,17.75
18,35,24.0
0,0,0
14,30,19.2
11,11,11.0
3,53,20.4
17,17,17.0
7,34,17.0
1,1,1.0
14,22,18.0
10,31,17.333333333333332
18,51,37.0
9,24,17.333333333333332
39,39,39.0
4,41,24.25
33,33,33.0
1,55,22.6
11,18,14.75
43,43,43.0
1,32,17.666666666666668
3,29,20.6
10,16,13.0
7,26,16.5
2,26,11.333333333333334
6,49,24.5
34,35,34.5
9,31,20.0
16,33,25.666666666666668
1,24,12.5
3,3,3.0
12,16,14.0
10,36,16.833333333333332
0,0,0
4,23,16.333333333333332
18,59,43.0
4,25,14.666666666666666
1,33,17.5
0,0,0
4,39,19.4
4,58,21.666666666666668
25,25,25.0
5,27,16.0
6,28,16.666666666666668
7,39,23.0
16,25,20.0
5,40,27.0
22,22,22.0
7,32,22.4
4,25,14.5
0,38,20.75
13,13,13.0
6,43,19.666666666666668
5,37,19.666666666666668
14,17,15.333333333333334
7,25,17.6
25,25,25.0
4,44,21.5
12,40,30.0
16,61,38.333333333333336
0,0,0
1,34,17.4
0,24,12.0
14,37,20.75
18,46,33.666666666666664
17,42,29.25
19,33,26.0
29,61,45.0
14,45,23.8
18,32,25.0
6,38,19.666666666666668
0,0,0
29,29,29.0
18,41,26.0
15,25,20.0
13,48,30.5
9,35,22.0
16,45,27.428571428571427
13,28,20.5
6,32,22.25
4,4,4.0
22,40,29.333333333333332
4,4,4.0
50,50,50.0
0,47,19.666666666666668
19,39,27.0
30,30,30.0
24,39,32.8
17,36,26.5
5,29,17.0
7,40,23.5
8,35,19.666666666666668
1,38,17.75
20,41,30.5
50,50,50.0
9,28,21.0
12,32,22.0
20,20,20.0
16,52,36.0
2,2,2.0
10,40,21.5
0,0,0
9,42,23.6
16,41,30.5
18,23,20.666666666666668
2,11,7.0
4,8,6.0
22,40,31.0
5,22,13.5
12,19,15.5
8,33,14.75
9,55,25.333333333333332
20,32,26.0
10,32,20.0
19,47,36.333333333333336
5,44,24.5
4,25,11.0
18,28,24.0
19,32,25.25
18,46,28.2
6,25,17.0
6,27,15.0
16,53,31.333333333333332
4,30,17.333333333333332
37,37,37.0
2,33,21.0
34,34,34.0
3,41,25.666666666666668
2,24,14.25
3,76,25.0
54,54,54.0
13,38,22.2
2,52,25.5
19,24,21.5
9,38,23.5
22,25,23.5
2,48,23.666666666666668
12,42,23.75
15,28,22.333333333333332
14,30,20.666666666666668
9,47,28.0
0,0,0
34,54,44.0
6,39,15.8
1,1,1.0
12,37,28.666666666666668
13,49,31.5
15,15,15.0
5,36,24.0
20,48,28.5
0,0,0
10,31,20.166666666666668
20,43,31.5
9,55,28.25
